4 0.0719414 4e-07 3.8e-07 0.683673 1e-06 1e-06 
10 0.0308642 6.44e-06 5.8e-07 0.157534 8e-06 1e-06 
15 0.00967334 0.00011212 9e-07 0.0854271 0.000121 1e-06 
20 0.0139123 0.00357914 1.16e-06 0.0843373 0.004316 2e-06 
22 0.0156641 0.0142843 1.6e-06 0.0875248 0.014915 3e-06 
25 0.0132997 0.101446 1.54e-06 0.0542435 0.108036 2e-06 
27 0.010739 0.401235 1.7e-06 0.106017 0.417538 2e-06 
30 0.0106938 3.20465 1.88e-06 0.0551378 3.28889 2e-06 
32 0.0075559 -0.9 1.8e-06 0.036118 0 3e-06 
35 0.0104143 -0.9 2.04e-06 0.0460922 0 3e-06 
37 0.00767777 -0.9 1.96e-06 0.0819672 0 3e-06 
40 0.00655541 -0.9 2.3e-06 0.0257249 0 3e-06 
