4 0.00990918 2.4825e-06 0.0995671 4.4375e-06
10 0.000805479 1.67325e-05 0.0137615 2e-05
15 0.000443125 4.294e-05 0.00491703 5.5e-05
20 0.00021656 9.486e-05 0.00342612 0.000113
22 8.82619e-05 0.0001251 0.00241663 0.000151
25 9.64074e-05 0.00018074 0.00187547 0.000219
27 0.000120571 0.00021798 0.00142602 0.000288
30 8.64787e-05 0.00030054 0.00124766 0.000365
32 5.28218e-05 0.00035568 0.000867303 0.000424
35 5.65144e-05 0.00045938 0.000875912 0.000546
37 4.15954e-05 0.00053572 0.000804074 0.000646
40 4.69179e-05 0.00067698 0.000643777 0.000852
