MAX WEIGTH
30 1 0.00165433 1 0.015653   1 1.07166e-06 1 2e-05   1 5.88775e-05 1 0.000216   0.403117 2.13945e-07 1 6.25e-07
40 1 0.00168788 1 0.016021   1 1.18943e-06 1 1.8e-05   1 6.0455e-05 1 0.000247   0.48922 2.14238e-07 1 6.25e-07
50 1 0.00165376 1 0.015886   1 1.03027e-06 1 1.3e-05   1 5.89672e-05 1 0.000177   0.503602 2.13145e-07 1 5.15625e-07
60 1 0.00165615 1 0.015727   1 8.08691e-07 1 1.7e-05   1 5.93338e-05 1 0.000182   0.496457 2.13105e-07 1 5.19531e-07
70 1 0.00165443 1 0.01581   1 9.2543e-07 1 1e-05   1 5.96403e-05 1 0.000205   0.459112 2.12441e-07 1 5.35156e-07
80 1 0.0016567 1 0.015764   1 1.17041e-06 1 1.5e-05   1 5.93659e-05 1 0.000226   0.441195 2.12285e-07 1 5.11719e-07
90 1 0.001657 1 0.015708   1 8.88418e-07 1 1.6e-05   1 5.98562e-05 1 0.000194   0.432235 2.13535e-07 1 5.19531e-07
100 1 0.00168707 1 0.015832   1 1.31949e-06 1 3.3e-05   1 5.91712e-05 1 0.000211   0.460595 2.1293e-07 1 4.88281e-07
110 1 0.00169796 1 0.020058   1 1.25105e-06 1 2.4e-05   1 6.05159e-05 1 0.000243   0.449643 2.13105e-07 1 4.64844e-07
120 1 0.00165407 1 0.015786   1 9.08984e-07 1 1.5e-05   1 5.90625e-05 1 0.000193   0.422281 2.12148e-07 1 5.11719e-07
130 1 0.00165373 1 0.015799   1 1.04816e-06 1 1.7e-05   1 5.81428e-05 1 0.000162   0.469838 2.12129e-07 1 4.21875e-07
140 1 0.00165669 1 0.015786   1 1.03137e-06 1 1.7e-05   1 5.97744e-05 1 0.000212   0.525691 2.1291e-07 1 5.19531e-07
150 1 0.00168856 1 0.016592   1 9.57344e-07 1 1.2e-05   1 5.98544e-05 1 0.00021   0.45892 2.13828e-07 1 5.19531e-07
160 1 0.0016518 1 0.01593   1 1.2117e-06 1 4.8e-05   1 5.82566e-05 1 0.000178   0.472239 2.12598e-07 1 4.84375e-07
170 1 0.00165624 1 0.015568   1 1.16229e-06 1 2.7e-05   1 5.89388e-05 1 0.000207   0.485649 2.13262e-07 1 5.03906e-07
180 1 0.00165342 1 0.015803   1 9.26406e-07 1 1.2e-05   1 5.92222e-05 1 0.000173   0.487951 2.11641e-07 1 4.0625e-07
190 1 0.00165475 1 0.015672   1 9.85078e-07 1 1.1e-05   1 5.93759e-05 1 0.000188   0.50605 2.13281e-07 1 4.17969e-07
200 1 0.00165581 1 0.016221   1 1.171e-06 1 2.4e-05   1 5.96678e-05 1 0.000215   0.431152 2.13027e-07 1 5.03906e-07
210 1 0.00168013 1 0.018289   1 1.18588e-06 1 3.1e-05   1 5.95647e-05 1 0.000267   0.499653 2.13262e-07 1 6.25e-07
220 1 0.00165174 1 0.015569   1 9.11523e-07 1 1.3e-05   1 5.97447e-05 1 0.00023   0.475424 2.12187e-07 1 4.21875e-07
230 1 0.00169448 1 0.020739   1 9.38652e-07 1 1.8e-05   1 6.21012e-05 1 0.000291   0.497328 2.17305e-07 1 6.25e-07
240 1 0.00165 1 0.015475   1 1.02066e-06 1 1.6e-05   1 5.96153e-05 1 0.000246   0.469005 2.13301e-07 1 6.25e-07
250 1 0.00164878 1 0.015361   1 9.70723e-07 1 1.6e-05   1 6.04866e-05 1 0.000167   0.472585 2.13125e-07 1 4.10156e-07
260 1 0.00168115 1 0.01739   1 1.2691e-06 1 1.7e-05   1 5.9905e-05 1 0.00022   0.515446 2.12266e-07 1 5.03906e-07
270 1 0.00165485 1 0.015762   1 1.15182e-06 1 3.5e-05   1 6.00366e-05 1 0.000209   0.426708 2.12559e-07 1 4.6875e-07
280 1 0.00165156 1 0.015725   1 1.18107e-06 1 3.2e-05   1 5.98069e-05 1 0.000198   0.461797 2.13262e-07 1 5e-07
290 1 0.00164569 1 0.015614   1 1.16631e-06 1 2.7e-05   1 5.89875e-05 1 0.000226   0.516754 2.13125e-07 1 5.07812e-07
300 1 0.00165522 1 0.015765   1 1.22797e-06 1 2.9e-05   1 5.97441e-05 1 0.000242   0.46462 2.12695e-07 1 5.07812e-07
310 1 0.00168666 1 0.021021   1 1.00363e-06 1 1.7e-05   1 5.90584e-05 1 0.000193   0.424979 2.12422e-07 1 5.07812e-07
320 1 0.00165061 1 0.015958   1 9.91074e-07 1 1.7e-05   1 5.92509e-05 1 0.000169   0.507134 2.12891e-07 1 4.96094e-07
330 1 0.00165525 1 0.015987   1 1.01963e-06 1 2.1e-05   1 5.88228e-05 1 0.000244   0.483012 2.12246e-07 1 5.15625e-07
340 1 0.00165139 1 0.015827   1 8.57305e-07 1 1.2e-05   1 5.88584e-05 1 0.000246   0.426684 2.12305e-07 1 4.17969e-07
350 1 0.00165666 1 0.016118   1 9.99121e-07 1 2.2e-05   1 5.98419e-05 1 0.000203   0.43155 2.13379e-07 1 5.11719e-07
360 1 0.00165576 1 0.015562   1 1.33652e-06 1 1.9e-05   1 5.99919e-05 1 0.00021   0.483437 2.125e-07 1 5.03906e-07
370 1 0.00169041 1 0.022472   1 1.10535e-06 1 1.4e-05   1 5.88775e-05 1 0.000197   0.512094 2.12715e-07 1 4.64844e-07
380 1 0.00165484 1 0.015681   1 8.49238e-07 1 1.2e-05   1 5.97725e-05 1 0.000175   0.459538 2.14492e-07 1 7.5e-07
390 1 0.00165422 1 0.016225   1 1.35332e-06 1 2.2e-05   1 6.01838e-05 1 0.000218   0.463782 2.12656e-07 1 5.11719e-07
400 1 0.00165126 1 0.01585   1 1.08842e-06 1 2.2e-05   1 5.81731e-05 1 0.0002   0.418267 2.12715e-07 1 5.11719e-07
410 1 0.00166079 1 0.016814   1 1.06602e-06 1 1.6e-05   1 5.86778e-05 1 0.000214   0.490049 2.12598e-07 1 4.45313e-07
420 1 0.00167745 1 0.017412   1 1.1748e-06 1 1.8e-05   1 6.33834e-05 1 0.000253   0.455163 2.17441e-07 1 6.25e-07
430 1 0.00165582 1 0.015976   1 9.85e-07 1 1.2e-05   1 5.90772e-05 1 0.000171   0.496639 2.13711e-07 1 5.11719e-07
MAX PRICE
30 1 0.00165534 1 0.015754   1 1.30783e-06 1 2.9e-05   1 2.10628e-05 1 5.2e-05   0.465266 2.11895e-07 1 4.0625e-07
40 1 0.00165683 1 0.016286   1 1.2175e-06 1 2.3e-05   1 2.67969e-05 1 7.1e-05   0.481442 2.12422e-07 1 4.72656e-07
50 1 0.00165713 1 0.01579   1 1.11043e-06 1 1.9e-05   1 3.2085e-05 1 0.000118   0.520139 2.13008e-07 1 5.03906e-07
60 1 0.0016892 1 0.021751   1 9.36504e-07 1 1.1e-05   1 3.70112e-05 1 9.9e-05   0.528049 2.12305e-07 1 4.49219e-07
70 1 0.00168508 1 0.019812   1 9.66484e-07 1 1.5e-05   1 4.38034e-05 1 0.000175   0.515754 2.15703e-07 1 5.03906e-07
80 1 0.00166117 1 0.015877   1 8.95898e-07 1 1.1e-05   1 4.78766e-05 1 0.000168   0.464863 2.13027e-07 1 5.03906e-07
90 1 0.00169947 1 0.020997   1 8.64609e-07 1 1.7e-05   1 5.57125e-05 1 0.000234   0.48816 2.17188e-07 1 6.25e-07
100 1 0.00165951 1 0.015773   1 9.96035e-07 1 2.3e-05   1 6.10784e-05 1 0.000234   0.497803 2.14414e-07 1 5.03906e-07
110 1 0.00165377 1 0.015872   1 9.6709e-07 1 7e-06   1 6.51456e-05 1 0.0002   0.452441 2.13145e-07 1 5.07812e-07
120 1 0.00168558 1 0.016061   1 1.08939e-06 1 2.2e-05   1 7.48741e-05 1 0.000279   0.49087 2.14121e-07 1 5.23438e-07
130 1 0.00165205 1 0.015778   1 1.12736e-06 1 2.1e-05   1 7.91747e-05 1 0.000256   0.465498 2.13027e-07 1 5.11719e-07
140 1 0.0016581 1 0.015919   1 1.19971e-06 1 2.5e-05   1 8.40106e-05 1 0.000348   0.441914 2.12461e-07 1 5.03906e-07
150 1 0.00165358 1 0.015966   1 1.22297e-06 1 1.7e-05   1 9.06456e-05 1 0.000279   0.460083 2.12168e-07 1 4.10156e-07
160 1 0.00165744 1 0.015876   1 1.24e-06 1 5.3e-05   1 9.53659e-05 1 0.000289   0.515378 2.12559e-07 1 4.14063e-07
170 1 0.00168092 1 0.02002   1 1.19084e-06 1 2.3e-05   1 0.0001009 1 0.000307   0.387344 2.12422e-07 1 4.10156e-07
180 1 0.0016601 1 0.01616   1 1.16684e-06 1 1.5e-05   1 0.000108955 1 0.000319   0.426402 2.12207e-07 1 4.14063e-07
190 1 0.00165641 1 0.015833   1 9.99785e-07 1 1.4e-05   1 0.000112488 1 0.000338   0.501537 2.12852e-07 1 4.80469e-07
200 1 0.00165831 1 0.016103   1 9.7627e-07 1 1.4e-05   1 0.00012055 1 0.000381   0.485481 2.12227e-07 1 4.60937e-07
210 1 0.00166203 1 0.015953   1 1.04383e-06 1 2.1e-05   1 0.00012662 1 0.000345   0.434611 2.12988e-07 1 4.25781e-07
220 1 0.0016861 1 0.015822   1 9.31367e-07 1 1.5e-05   1 0.00013608 1 0.000499   0.474793 2.1668e-07 1 5.07812e-07
230 1 0.00165768 1 0.015969   1 9.97539e-07 1 1.9e-05   1 0.000139035 1 0.000398   0.448886 2.12598e-07 1 4.10156e-07
240 1 0.00166164 1 0.01665   1 1.12967e-06 1 3.2e-05   1 0.000147975 1 0.000429   0.533558 2.12871e-07 1 4.80469e-07
250 1 0.00165485 1 0.015811   1 9.3373e-07 1 1.3e-05   1 0.00015072 1 0.000432   0.47208 2.1209e-07 1 4.375e-07
260 1 0.00165569 1 0.015725   1 1.01051e-06 1 2.6e-05   1 0.000156695 1 0.000426   0.482162 2.12305e-07 1 4.10156e-07
270 1 0.00168358 1 0.020916   1 1.14705e-06 1 2.7e-05   1 0.00016283 1 0.00045   0.463256 2.12031e-07 1 4.0625e-07
280 1 0.00165352 1 0.016009   1 9.84746e-07 1 2e-05   1 0.00017181 1 0.00054   0.509817 2.12695e-07 1 4.14063e-07
290 1 0.00165289 1 0.016141   1 1.25936e-06 1 2.1e-05   1 0.00017898 1 0.000515   0.448138 2.12324e-07 1 4.17969e-07
300 1 0.00165469 1 0.015813   1 9.77031e-07 1 1.2e-05   1 0.000179535 1 0.000515   0.497842 2.12266e-07 1 4.10156e-07
310 1 0.0016546 1 0.015864   1 1.11275e-06 1 1.8e-05   1 0.00018992 1 0.000743   0.424218 2.13203e-07 1 4.76562e-07
320 1 0.00165578 1 0.015635   1 1.11957e-06 1 2.8e-05   1 0.000192995 1 0.000585   0.448811 2.12461e-07 1 4.53125e-07
330 1 0.00169587 1 0.016355   1 1.01141e-06 1 1.9e-05   1 0.000211085 1 0.000812   0.515252 2.18867e-07 1 6.25e-07
340 1 0.00166164 1 0.015935   1 9.06641e-07 1 1.2e-05   1 0.00020484 1 0.000589   0.423406 2.11973e-07 1 4.10156e-07
350 1 0.00171628 1 0.02416   1 1.01777e-06 1 1.7e-05   1 0.00021645 1 0.000937   0.462557 2.14199e-07 1 5.3125e-07
360 1 0.00166342 1 0.01615   1 9.4041e-07 1 1.2e-05   1 0.00021691 1 0.00064   0.49275 2.13223e-07 1 4.6875e-07
370 1 0.00168803 1 0.021077   1 1.08695e-06 1 2.3e-05   1 0.00021914 1 0.000634   0.480989 2.12207e-07 1 4.10156e-07
380 1 0.00165246 1 0.016251   1 8.74766e-07 1 1.3e-05   1 0.000232905 1 0.000667   0.426095 2.12344e-07 1 4.10156e-07
390 1 0.00166151 1 0.016042   1 1.03201e-06 1 1.8e-05   1 0.00023744 1 0.000686   0.506114 2.125e-07 1 4.14063e-07
400 1 0.00165354 1 0.015614   1 1.06393e-06 1 1.7e-05   1 0.000244935 1 0.000661   0.440069 2.12266e-07 1 4.0625e-07
410 1 0.00165877 1 0.015963   1 9.72852e-07 1 1.4e-05   1 0.00024939 1 0.000863   0.497411 2.12363e-07 1 4.10156e-07
420 1 0.00168742 1 0.020763   1 1.00973e-06 1 1.8e-05   1 0.00025385 1 0.000708   0.497648 2.1207e-07 1 4.14063e-07
430 1 0.00165367 1 0.016159   1 1.07393e-06 1 1.8e-05   1 0.00026154 1 0.000814   0.446146 2.12285e-07 1 4.0625e-07
CAPACITY : TOTAL_PRICE (ratio)
0.00577 1 0.00160127 1 0.01522   1 2.00898e-07 1 6.25e-07   1 1.13313e-05 1 3.3e-05   0.991023 2.07441e-07 1 5.07812e-07
0.00665858 1 0.00159613 1 0.015433   1 2.02285e-07 1 6.25e-07   1 1.20991e-05 1 4e-05   0.97487 2.07188e-07 1 4.0625e-07
0.007684 1 0.00160104 1 0.015516   1 2.0666e-07 1 6.875e-07   1 1.22234e-05 1 4.9e-05   0.968545 2.07363e-07 1 4.14063e-07
0.00886734 1 0.00160109 1 0.015345   1 2.06465e-07 1 5.42969e-07   1 1.24169e-05 1 3.7e-05   0.972453 2.07773e-07 1 4.92187e-07
0.0102329 1 0.00163062 1 0.016099   1 2.18516e-07 1 6.875e-07   1 1.35269e-05 1 5.1e-05   0.944699 2.11211e-07 1 5.50781e-07
0.0118088 1 0.00160512 1 0.015506   1 2.19766e-07 1 9.375e-07   1 1.35997e-05 1 4.8e-05   0.925421 2.075e-07 1 5e-07
0.0136273 1 0.00159712 1 0.01572   1 2.24434e-07 1 6.875e-07   1 1.38594e-05 1 4.5e-05   0.915688 2.08496e-07 1 4.88281e-07
0.0157259 1 0.00159753 1 0.01529   1 2.3502e-07 1 1e-06   1 1.47069e-05 1 6e-05   0.923611 2.0834e-07 1 4.96094e-07
0.0181477 1 0.00160124 1 0.015794   1 2.51641e-07 1 1.3125e-06   1 1.53975e-05 1 5.2e-05   0.865479 2.09121e-07 1 6.25e-07
0.0209425 1 0.00162604 1 0.019433   1 2.57715e-07 1 1e-06   1 1.62469e-05 1 7.1e-05   0.849422 2.08105e-07 1 4.80469e-07
0.0241676 1 0.00159671 1 0.015481   1 2.65547e-07 1 1.6875e-06   1 1.62487e-05 1 6.1e-05   0.799633 2.08184e-07 1 4.6875e-07
0.0278894 1 0.00159693 1 0.015433   1 2.99551e-07 1 1.3125e-06   1 1.78784e-05 1 5.8e-05   0.776866 2.08105e-07 1 4.17969e-07
0.0321844 1 0.00159376 1 0.015801   1 3.22539e-07 1 1.5625e-06   1 1.85687e-05 1 6.1e-05   0.788826 2.07871e-07 1 4.25781e-07
0.0371408 1 0.00158726 1 0.01495   1 3.55605e-07 1 1.625e-06   1 1.98063e-05 1 6.2e-05   0.757128 2.08145e-07 1 4.92187e-07
0.0428605 1 0.00159597 1 0.015197   1 3.93457e-07 1 2.125e-06   1 2.07797e-05 1 7.1e-05   0.750421 2.08223e-07 1 4.45313e-07
0.049461 1 0.00161724 1 0.015699   1 4.47695e-07 1 2.75e-06   1 2.2025e-05 1 8.7e-05   0.701517 2.08281e-07 1 5.19531e-07
0.057078 1 0.00159138 1 0.015459   1 4.89902e-07 1 3.625e-06   1 2.25634e-05 1 6.1e-05   0.69281 2.08105e-07 1 4.02344e-07
0.065868 1 0.00159062 1 0.015191   1 5.61133e-07 1 3.0625e-06   1 2.36325e-05 1 6.8e-05   0.684459 2.08398e-07 1 4.02344e-07
0.0760117 1 0.00163902 1 0.015582   1 7.30762e-07 1 5.125e-06   1 2.58766e-05 1 9.7e-05   0.618179 2.10371e-07 1 4.84375e-07
0.0877175 1 0.00159583 1 0.015444   1 9.39648e-07 1 1e-05   1 2.75325e-05 1 7.4e-05   0.620552 2.09063e-07 1 4.02344e-07
0.101226 1 0.00158733 1 0.015679   1 1.05273e-06 1 1e-05   1 2.91778e-05 1 8.1e-05   0.584914 2.08691e-07 1 4.0625e-07
0.116815 1 0.00161653 1 0.015664   1 1.55469e-06 1 2.1e-05   1 3.02128e-05 1 9.7e-05   0.642758 2.10859e-07 1 4.80469e-07
0.134804 1 0.00158894 1 0.015235   1 1.92336e-06 1 1.4e-05   1 3.17037e-05 1 9.7e-05   0.553054 2.09941e-07 1 4.96094e-07
0.155564 1 0.00158671 1 0.015396   1 2.72545e-06 1 3e-05   1 3.32437e-05 1 8.8e-05   0.518881 2.08926e-07 1 4.10156e-07
0.179521 1 0.00158526 1 0.015008   1 3.70455e-06 1 5.1e-05   1 3.44309e-05 1 0.000124   0.440276 2.10254e-07 1 4.76562e-07
0.207167 1 0.00161883 1 0.015171   1 4.49697e-06 1 5.7e-05   1 3.87572e-05 1 0.000121   0.49574 2.12988e-07 1 4.96094e-07
0.239071 1 0.00161666 1 0.016933   1 6.39605e-06 1 8e-05   1 4.306e-05 1 0.000212   0.444526 2.13867e-07 1 5.42969e-07
0.275888 1 0.00160368 1 0.015366   1 6.45355e-06 1 5.3e-05   1 4.229e-05 1 0.000129   0.501796 2.1002e-07 1 4.0625e-07
0.318375 1 0.00162666 1 0.016306   1 6.45506e-06 1 7.4e-05   1 4.56131e-05 1 0.000158   0.384478 2.10605e-07 1 5e-07
0.367404 1 0.00164855 1 0.015748   1 6.95016e-06 1 9.4e-05   1 4.91434e-05 1 0.000176   0.423845 2.11035e-07 1 5.03906e-07
0.423985 1 0.0016725 1 0.016202   1 6.11322e-06 1 0.000103   1 5.15759e-05 1 0.00017   0.433173 2.11562e-07 1 5e-07
0.489278 1 0.00169241 1 0.015958   1 3.70102e-06 1 5.1e-05   1 5.45059e-05 1 0.000201   0.436411 2.11602e-07 1 4.6875e-07
0.564627 1 0.00172428 1 0.021198   1 2.41346e-06 1 3.9e-05   1 5.72562e-05 1 0.000221   0.457131 2.14121e-07 1 6.875e-07
0.65158 1 0.0016577 1 0.015818   1 9.6373e-07 1 1.5e-05   1 6.00319e-05 1 0.000243   0.463597 2.12832e-07 1 5.15625e-07
0.751923 1 0.001627 1 0.015684   1 3.99336e-07 1 2.8125e-06   1 5.99716e-05 1 0.000198   0.541554 2.13652e-07 1 5.07812e-07
0.867719 1 0.00161444 1 0.015575   1 2.23477e-07 1 7.5e-07   1 5.99881e-05 1 0.000217   0.647506 2.14082e-07 1 5.07812e-07
1.00135 1 0.00162073 1 0.015215   1 2.03848e-07 1 3.82812e-07   1 6.00003e-05 1 0.000176   1 2.1332e-07 1 4.14063e-07
1.15556 1 0.00165231 1 0.015694   1 2.06152e-07 1 6.25e-07   1 6.09169e-05 1 0.00024   1 2.1582e-07 1 6.25e-07
1.33351 1 0.00163159 1 0.015693   1 2.05586e-07 1 4.92187e-07   1 6.23875e-05 1 0.000228   1 2.15313e-07 1 6.25e-07
1.53887 1 0.00161947 1 0.015456   1 2.04844e-07 1 3.78906e-07   1 6.17347e-05 1 0.000244   1 2.14316e-07 1 5.19531e-07
1.77586 1 0.00161666 1 0.015414   1 2.05371e-07 1 6.09375e-07   1 6.27494e-05 1 0.000207   1 2.1416e-07 1 5.11719e-07
GRANULARITY SMALLER ITEMS
0.0715625 1 0.00165366 1 0.015525   1 1.15672e-06 1 3.9e-05   1 6.06634e-05 1 0.000204   0.422421 2.1248e-07 1 5e-07
0.0819391 1 0.00166799 1 0.017797   1 1.27494e-06 1 2e-05   1 6.05716e-05 1 0.000316   0.428923 2.14258e-07 1 6.25e-07
0.0938202 1 0.00166182 1 0.015764   1 1.16777e-06 1 3.3e-05   1 6.23478e-05 1 0.000183   0.472632 2.15391e-07 1 4.80469e-07
0.107424 1 0.00165791 1 0.015816   1 9.53223e-07 1 1.4e-05   1 6.09091e-05 1 0.000226   0.51632 2.13867e-07 1 5.15625e-07
0.123001 1 0.00170521 1 0.016829   1 1.21676e-06 1 3.1e-05   1 6.16784e-05 1 0.000228   0.405639 2.15215e-07 1 6.25e-07
0.140836 1 0.00165582 1 0.015714   1 1.15217e-06 1 2e-05   1 5.96925e-05 1 0.00018   0.512508 2.12969e-07 1 5.11719e-07
0.161257 1 0.0016501 1 0.015627   1 9.4248e-07 1 1.2e-05   1 5.98187e-05 1 0.000201   0.416818 2.12441e-07 1 5.11719e-07
0.184639 1 0.00167691 1 0.018652   1 1.02447e-06 1 1.4e-05   1 6.23856e-05 1 0.000231   0.501887 2.17012e-07 1 5.11719e-07
0.211412 1 0.00165469 1 0.015802   1 1.29875e-06 1 5.1e-05   1 6.07831e-05 1 0.000224   0.469176 2.13848e-07 1 5.07812e-07
0.242067 1 0.00165448 1 0.015824   1 1.23805e-06 1 1.8e-05   1 6.03209e-05 1 0.000263   0.441164 2.1457e-07 1 6.25e-07
0.277166 1 0.00165055 1 0.015315   1 1.0674e-06 1 2e-05   1 5.95625e-05 1 0.00022   0.481062 2.12734e-07 1 5.15625e-07
0.317355 1 0.00165765 1 0.015835   1 1.11213e-06 1 2.6e-05   1 6.00769e-05 1 0.000209   0.428736 2.13047e-07 1 5.03906e-07
0.363372 1 0.00168295 1 0.015992   1 1.04875e-06 1 1.6e-05   1 6.25719e-05 1 0.000225   0.428707 2.16289e-07 1 6.25e-07
0.416061 1 0.00165223 1 0.015693   1 1.39027e-06 1 4.4e-05   1 5.98572e-05 1 0.000203   0.495262 2.1291e-07 1 5.11719e-07
0.47639 1 0.00165859 1 0.015313   1 1.18707e-06 1 2.4e-05   1 5.92966e-05 1 0.000166   0.421361 2.12793e-07 1 4.72656e-07
0.545466 1 0.00165399 1 0.015342   1 9.67266e-07 1 2.7e-05   1 5.87572e-05 1 0.000198   0.499415 2.13125e-07 1 5.15625e-07
0.624559 1 0.00165372 1 0.015585   1 1.07266e-06 1 2.7e-05   1 5.90294e-05 1 0.000216   0.489007 2.12793e-07 1 5.11719e-07
0.71512 1 0.00165151 1 0.015454   1 1.11664e-06 1 2.2e-05   1 5.96659e-05 1 0.000188   0.520758 2.12695e-07 1 5.11719e-07
0.818812 1 0.00168938 1 0.01521   1 1.34076e-06 1 2.5e-05   1 6.187e-05 1 0.00023   0.466756 2.15273e-07 1 5.15625e-07
0.93754 1 0.0016612 1 0.015741   1 1.00732e-06 1 2.1e-05   1 5.88622e-05 1 0.00023   0.444936 2.12852e-07 1 5.3125e-07
1.07348 1 0.00165531 1 0.015475   1 8.93535e-07 1 1e-05   1 5.98147e-05 1 0.000203   0.461375 2.12656e-07 1 5.19531e-07
1.22914 1 0.00165029 1 0.015204   1 1.06551e-06 1 2e-05   1 5.7985e-05 1 0.000208   0.478784 2.12305e-07 1 5.03906e-07
1.40736 1 0.00164991 1 0.015435   1 1.08758e-06 1 1.5e-05   1 6.09656e-05 1 0.00025   0.463581 2.14551e-07 1 6.25e-07
1.61143 1 0.00168136 1 0.017208   1 9.6459e-07 1 1.6e-05   1 5.98003e-05 1 0.000214   0.555243 2.14199e-07 1 6.25e-07
1.84509 1 0.001659 1 0.016104   1 1.02092e-06 1 1.6e-05   1 5.87906e-05 1 0.000239   0.469879 2.12734e-07 1 5.11719e-07
2.11263 1 0.00164465 1 0.014985   1 9.64414e-07 1 1.6e-05   1 5.92559e-05 1 0.000213   0.435246 2.13125e-07 1 6.25e-07
2.41896 1 0.00164744 1 0.015244   1 1.02549e-06 1 1.8e-05   1 6.00212e-05 1 0.000234   0.437083 2.14121e-07 1 6.25e-07
2.76971 1 0.00165245 1 0.015346   1 9.38223e-07 1 1.8e-05   1 5.90328e-05 1 0.000198   0.495457 2.13105e-07 1 5.07812e-07
3.17131 1 0.00168849 1 0.021045   1 1.20584e-06 1 2.6e-05   1 5.99562e-05 1 0.000245   0.386242 2.12773e-07 1 5.07812e-07
3.63115 1 0.0016545 1 0.015767   1 9.06406e-07 1 1.8e-05   1 5.93131e-05 1 0.000221   0.461077 2.1293e-07 1 5.07812e-07
4.15767 1 0.00166144 1 0.016239   1 1.06477e-06 1 1.2e-05   1 5.92672e-05 1 0.000224   0.522834 2.13262e-07 1 6.25e-07
4.76053 1 0.00171891 1 0.016689   1 1.27314e-06 1 2.2e-05   1 6.43891e-05 1 0.000289   0.472854 2.19102e-07 1 5.54688e-07
5.45081 1 0.00165701 1 0.015684   1 1.26404e-06 1 3.4e-05   1 6.08566e-05 1 0.000241   0.504127 2.13086e-07 1 5.07812e-07
6.24118 1 0.00164562 1 0.015385   1 1.11221e-06 1 1.4e-05   1 5.97194e-05 1 0.00018   0.492263 2.1293e-07 1 5.07812e-07
7.14615 1 0.00168677 1 0.017365   1 1.26547e-06 1 2.9e-05   1 6.02459e-05 1 0.000232   0.491657 2.13789e-07 1 5.03906e-07
8.18234 1 0.00165738 1 0.015883   1 1.10268e-06 1 3.8e-05   1 5.95691e-05 1 0.000195   0.483039 2.12734e-07 1 5.11719e-07
9.36878 1 0.00165272 1 0.015807   1 9.17012e-07 1 1.4e-05   1 5.97181e-05 1 0.000172   0.471484 2.12461e-07 1 5.11719e-07
10.7273 1 0.00164665 1 0.015611   1 1.12061e-06 1 4.7e-05   1 5.89447e-05 1 0.000223   0.477649 2.12187e-07 1 4.0625e-07
12.2827 1 0.00165049 1 0.015508   1 1.09402e-06 1 2e-05   1 5.956e-05 1 0.000196   0.496892 2.12812e-07 1 5e-07
14.0637 1 0.00168304 1 0.020617   1 1.08773e-06 1 3.9e-05   1 5.92125e-05 1 0.000174   0.489943 2.12305e-07 1 4.60937e-07
16.1029 1 0.00165357 1 0.015602   1 9.46641e-07 1 1.7e-05   1 5.99731e-05 1 0.000215   0.463363 2.12812e-07 1 5.03906e-07
GRANULARITY BIGGER ITEMS
0.0715625 1 0.00165518 1 0.015592   1 1.0549e-06 1 1.6e-05   1 6.01866e-05 1 0.000217   0.465537 2.12383e-07 1 5.11719e-07
0.0819391 1 0.0016589 1 0.015615   1 1.16191e-06 1 2.6e-05   1 5.91166e-05 1 0.000215   0.511819 2.12559e-07 1 5.15625e-07
0.0938202 1 0.00165877 1 0.015395   1 1.12615e-06 1 2.4e-05   1 5.911e-05 1 0.000219   0.475494 2.12832e-07 1 5e-07
0.107424 1 0.00169747 1 0.023421   1 8.59199e-07 1 1.4e-05   1 5.85847e-05 1 0.000209   0.452145 2.125e-07 1 5e-07
0.123001 1 0.00165545 1 0.015741   1 1.07719e-06 1 3.6e-05   1 5.83453e-05 1 0.000174   0.458099 2.11641e-07 1 4.21875e-07
0.140836 1 0.00165377 1 0.015996   1 1.15355e-06 1 2.4e-05   1 5.9765e-05 1 0.00018   0.463777 2.11738e-07 1 4.41406e-07
0.161257 1 0.00165123 1 0.016025   1 1.0052e-06 1 1.6e-05   1 5.94922e-05 1 0.000168   0.491784 2.12285e-07 1 4.0625e-07
0.184639 1 0.00165551 1 0.015758   1 1.06467e-06 1 1.9e-05   1 5.81522e-05 1 0.000163   0.518215 2.11895e-07 1 4.0625e-07
0.211412 1 0.00165613 1 0.015826   1 8.74395e-07 1 1e-05   1 5.93669e-05 1 0.000171   0.481792 2.12363e-07 1 4.25781e-07
0.242067 1 0.00166886 1 0.015319   1 9.1125e-07 1 1.2e-05   1 6.24091e-05 1 0.000264   0.500405 2.19883e-07 1 6.25e-07
0.277166 1 0.0016526 1 0.015361   1 1.17059e-06 1 2.2e-05   1 5.88087e-05 1 0.000167   0.438919 2.11836e-07 1 4.10156e-07
0.317355 1 0.00165238 1 0.015632   1 9.70234e-07 1 1.7e-05   1 5.86059e-05 1 0.000169   0.493966 2.11797e-07 1 4.0625e-07
0.363372 1 0.00165573 1 0.016142   1 8.58301e-07 1 1.3e-05   1 5.92047e-05 1 0.000165   0.484657 2.11816e-07 1 4.0625e-07
0.416061 1 0.00165793 1 0.015706   1 8.61016e-07 1 1.1e-05   1 6.16569e-05 1 0.000234   0.516411 2.14336e-07 1 5.07812e-07
0.47639 1 0.00168203 1 0.015822   1 1.00303e-06 1 1.8e-05   1 6.16522e-05 1 0.000259   0.497888 2.15117e-07 1 6.25e-07
0.545466 1 0.00165302 1 0.015771   1 9.22832e-07 1 1.1e-05   1 5.86584e-05 1 0.000217   0.545398 2.13535e-07 1 6.25e-07
0.624559 1 0.00165966 1 0.015915   1 1.02424e-06 1 1.5e-05   1 5.91738e-05 1 0.000192   0.488303 2.12656e-07 1 5.15625e-07
0.71512 1 0.00169568 1 0.023865   1 1.30119e-06 1 2.4e-05   1 6.09975e-05 1 0.000283   0.444547 2.14902e-07 1 5.625e-07
0.818812 1 0.00166724 1 0.016496   1 1.02133e-06 1 2.2e-05   1 6.01753e-05 1 0.000249   0.532146 2.13066e-07 1 5.11719e-07
0.93754 1 0.00165679 1 0.016047   1 1.21564e-06 1 2.1e-05   1 5.88216e-05 1 0.000214   0.470279 2.12344e-07 1 5.07812e-07
1.07348 1 0.00168515 1 0.016836   1 1.23359e-06 1 1.5e-05   1 6.29469e-05 1 0.000277   0.507053 2.1873e-07 1 6.25e-07
1.22914 1 0.00165251 1 0.015518   1 9.85547e-07 1 1.4e-05   1 5.99781e-05 1 0.000191   0.509169 2.12344e-07 1 5.03906e-07
1.40736 1 0.00165548 1 0.015781   1 1.02852e-06 1 1.6e-05   1 6.10528e-05 1 0.000252   0.427236 2.12578e-07 1 5.15625e-07
1.61143 1 0.00164893 1 0.015273   1 9.96133e-07 1 1.6e-05   1 5.91569e-05 1 0.000177   0.51795 2.13164e-07 1 5.11719e-07
1.84509 1 0.00165411 1 0.015471   1 1.0417e-06 1 1.3e-05   1 6.08316e-05 1 0.000223   0.465567 2.15996e-07 1 6.25e-07
2.11263 1 0.00167486 1 0.015902   1 9.70996e-07 1 1.2e-05   1 6.18203e-05 1 0.000245   0.434668 2.13789e-07 1 5.35156e-07
2.41896 1 0.00165352 1 0.015867   1 1.00428e-06 1 2.3e-05   1 5.93313e-05 1 0.000223   0.511941 2.12617e-07 1 5.07812e-07
2.76971 1 0.00165058 1 0.015513   1 9.91973e-07 1 1.9e-05   1 5.81056e-05 1 0.000164   0.459125 2.1207e-07 1 4.10156e-07
3.17131 1 0.0016501 1 0.015717   1 1.13545e-06 1 2e-05   1 6.09225e-05 1 0.000163   0.511772 2.12559e-07 1 4.17969e-07
3.63115 1 0.00165426 1 0.01524   1 9.20527e-07 1 1.2e-05   1 5.85522e-05 1 0.000179   0.514178 2.11914e-07 1 4.41406e-07
4.15767 1 0.00176031 1 0.025164   1 8.27187e-07 1 1.1e-05   1 6.37188e-05 1 0.000255   0.447555 2.19785e-07 1 6.25e-07
4.76053 1 0.00166492 1 0.016161   1 1.0067e-06 1 1.6e-05   1 5.92387e-05 1 0.000171   0.428233 2.12617e-07 1 4.10156e-07
5.45081 1 0.00165447 1 0.016245   1 1.19027e-06 1 1.9e-05   1 5.89331e-05 1 0.000177   0.473613 2.12559e-07 1 4.53125e-07
6.24118 1 0.00165134 1 0.015774   1 1.14322e-06 1 2.6e-05   1 5.85072e-05 1 0.000162   0.475216 2.1207e-07 1 4.17969e-07
7.14615 1 0.00165608 1 0.016206   1 1.25004e-06 1 2.4e-05   1 6.06616e-05 1 0.000167   0.395723 2.12773e-07 1 4.10156e-07
8.18234 1 0.00165002 1 0.01593   1 1.21402e-06 1 2.5e-05   1 5.941e-05 1 0.000245   0.478233 2.12285e-07 1 4.0625e-07
9.36878 1 0.00168019 1 0.017445   1 9.73906e-07 1 1.1e-05   1 5.89541e-05 1 0.000172   0.471253 2.11914e-07 1 4.0625e-07
10.7273 1 0.0016522 1 0.015578   1 1.13156e-06 1 1.8e-05   1 5.96734e-05 1 0.000172   0.43743 2.1168e-07 1 4.0625e-07
12.2827 1 0.00165261 1 0.01567   1 9.81602e-07 1 1.7e-05   1 5.85975e-05 1 0.000163   0.44319 2.12266e-07 1 4.25781e-07
14.0637 1 0.00165012 1 0.01525   1 8.36738e-07 1 1.1e-05   1 5.96203e-05 1 0.000169   0.472079 2.12324e-07 1 4.10156e-07
16.1029 1 0.00165871 1 0.015947   1 1.03762e-06 1 1.1e-05   1 6.12659e-05 1 0.000207   0.513474 2.1334e-07 1 5.15625e-07
