MAX WEIGTH
30 0 0.00311772 0 0.031292   0 1.6823e-06 0 3.5e-05   0 6.93662e-05 0 0.000226   0.0204082 2.06992e-07 0.172269 8.125e-07
40 0 0.00313053 0 0.030959   0 1.43074e-06 0 1.7e-05   0 7.01313e-05 0 0.000221   0.0198336 1.97813e-07 0.133829 5e-07
50 0 0.00311575 0 0.033044   0 1.74488e-06 0 2.1e-05   0 7.03387e-05 0 0.000224   0.0191642 2.0168e-07 0.188406 4.60937e-07
60 0 0.00309522 0 0.030623   0 1.24309e-06 0 2.8e-05   0 6.89175e-05 0 0.00025   0.0243552 1.97305e-07 0.187845 5.19531e-07
70 0 0.00311515 0 0.03237   0 1.39016e-06 0 1.8e-05   0 7.55206e-05 0 0.000279   0.018967 2.08594e-07 0.229885 4.96094e-07
80 0 0.00315739 0 0.033056   0 1.19332e-06 0 1.6e-05   0 6.91919e-05 0 0.000285   0.0169701 2.01797e-07 0.209677 4.84375e-07
90 0 0.00308887 0 0.033371   0 1.0891e-06 0 1.2e-05   0 6.75931e-05 0 0.000202   0.0148177 1.92461e-07 0.113889 4.49219e-07
100 0 0.00320101 0 0.031321   0 1.53176e-06 0 2.1e-05   0 7.78281e-05 0 0.00026   0.0226839 2.09609e-07 0.263393 5.03906e-07
110 0 0.00311743 0 0.034487   0 1.48246e-06 0 2.4e-05   0 6.61194e-05 0 0.0002   0.0204917 1.93398e-07 0.163743 4.88281e-07
120 0 0.0031147 0 0.031811   0 1.21723e-06 0 2.5e-05   0 6.51119e-05 0 0.000237   0.0176795 1.93906e-07 0.218045 4.80469e-07
130 0 0.00309595 0 0.031887   0 1.22617e-06 0 1.4e-05   0 6.92063e-05 0 0.000231   0.0237137 1.96523e-07 0.216495 4.96094e-07
140 0 0.0031202 0 0.033686   0 1.24566e-06 0 2.3e-05   0 7.59906e-05 0 0.000312   0.0176921 2.12461e-07 0.215768 5.23438e-07
150 0 0.00305969 0 0.031242   0 1.12594e-06 0 1.2e-05   0 6.73981e-05 0 0.0002   0.0217914 1.97383e-07 0.185714 4.49219e-07
160 0 0.0031545 0 0.031541   0 1.22824e-06 0 1.6e-05   0 6.46175e-05 0 0.000184   0.0226576 1.9418e-07 0.127208 4.41406e-07
170 0 0.0031372 0 0.032302   0 1.44418e-06 0 1.9e-05   0 6.73794e-05 0 0.000189   0.0158636 1.95117e-07 0.164251 3.90625e-07
180 0 0.0030926 0 0.031606   0 1.7682e-06 0 3.1e-05   0 6.52044e-05 0 0.000208   0.0196688 1.92969e-07 0.190114 4.6875e-07
190 0 0.00305461 0 0.030522   0 1.02828e-06 0 1.1e-05   0 6.74394e-05 0 0.00026   0.0143292 1.94727e-07 0.146597 4.21875e-07
200 0 0.00314775 0 0.034472   0 1.6457e-06 0 3e-05   0 7.55937e-05 0 0.000298   0.0187634 2.09531e-07 0.319277 4.88281e-07
210 0 0.00317551 0 0.033044   0 1.15652e-06 0 1e-05   0 6.56425e-05 0 0.000201   0.0138216 1.93047e-07 0.148867 3.98437e-07
220 0 0.00315477 0 0.032308   0 1.23383e-06 0 1.5e-05   0 6.47856e-05 0 0.000179   0.0181887 1.91563e-07 0.218341 3.67187e-07
230 0 0.00318848 0 0.032026   0 1.10488e-06 0 1.6e-05   0 6.87075e-05 0 0.000198   0.0191275 1.94883e-07 0.136364 4.14063e-07
240 0 0.00307244 0 0.031329   0 1.38637e-06 0 2.1e-05   0 6.2845e-05 0 0.000181   0.021734 1.92109e-07 0.165138 4.41406e-07
250 0 0.00309376 0 0.031643   0 1.14184e-06 0 1.3e-05   0 7.10275e-05 0 0.000303   0.0172592 2.02969e-07 0.114551 6.25e-07
260 0 0.00311287 0 0.032189   0 1.95629e-06 0 3.8e-05   0 7.41844e-05 0 0.000297   0.0126257 2.03008e-07 0.157692 5.15625e-07
270 0 0.00307783 0 0.031257   0 1.37191e-06 0 2.1e-05   0 7.05862e-05 0 0.000206   0.0153229 1.98633e-07 0.176056 4.375e-07
280 0 0.00316493 0 0.034149   0 1.55609e-06 0 2.1e-05   0 6.86781e-05 0 0.000187   0.0239051 1.95859e-07 0.193878 4.14063e-07
290 0 0.00315452 0 0.031761   0 1.33859e-06 0 1.4e-05   0 7.19544e-05 0 0.000281   0.017099 2.01172e-07 0.166667 6.25e-07
300 0 0.0031315 0 0.032277   0 1.77512e-06 0 2.3e-05   0 7.62788e-05 0 0.000324   0.0140642 2.08437e-07 0.104235 5.23438e-07
310 0 0.0030989 0 0.031318   0 1.56297e-06 0 3.3e-05   0 7.04594e-05 0 0.000258   0.0138614 2.0375e-07 0.121065 5.42969e-07
320 0 0.00309904 0 0.033156   0 1.14523e-06 0 2.7e-05   0 7.36331e-05 0 0.000276   0.0160031 2.05977e-07 0.172308 5.3125e-07
330 0 0.00307997 0 0.030991   0 1.35469e-06 0 1.8e-05   0 6.78419e-05 0 0.000181   0.0211968 1.9832e-07 0.192547 4.29688e-07
340 0 0.00310201 0 0.034176   0 1.17824e-06 0 1.8e-05   0 6.40725e-05 0 0.000187   0.0188924 1.91328e-07 0.12749 4.41406e-07
350 0 0.0031409 0 0.032066   0 1.63836e-06 0 3.1e-05   0 6.38637e-05 0 0.000199   0.02128 1.93008e-07 0.127226 4.72656e-07
360 0 0.00311704 0 0.031455   0 1.31176e-06 0 2.8e-05   0 6.77706e-05 0 0.000197   0.0191349 1.91641e-07 0.0996016 3.98437e-07
370 0 0.00316124 0 0.032437   0 1.39195e-06 0 2.5e-05   0 6.58956e-05 0 0.000217   0.0177736 1.92148e-07 0.159136 4.72656e-07
380 0 0.00312578 0 0.03114   0 1.41164e-06 0 2.1e-05   0 6.76106e-05 0 0.000272   0.018085 1.95859e-07 0.134783 4.80469e-07
390 0 0.00312066 0 0.03166   0 1.42512e-06 0 1.5e-05   0 6.67344e-05 0 0.000233   0.0215362 1.94414e-07 0.131498 4.76562e-07
400 0 0.00326231 0 0.037997   0 1.28555e-06 0 1.8e-05   0 6.88306e-05 0 0.000258   0.0168663 1.96523e-07 0.124555 6.25e-07
410 0 0.00314297 0 0.031419   0 1.52941e-06 0 1.9e-05   0 6.77694e-05 0 0.00027   0.0162098 1.91875e-07 0.216867 4.21875e-07
420 0 0.00309514 0 0.031365   0 9.96563e-07 0 1.3e-05   0 6.89563e-05 0 0.000257   0.0216545 2.00117e-07 0.192192 6.875e-07
430 0 0.0030878 0 0.031194   0 1.29348e-06 0 1.4e-05   0 7.41037e-05 0 0.000294   0.0199177 2.0582e-07 0.122016 5.11719e-07
MAX PRICE
30 0 0.00313095 0 0.031563   0 1.26031e-06 0 1.8e-05   0 2.43881e-05 0 6.6e-05   0.0231847 1.96563e-07 0.264706 4.17969e-07
40 0 0.00321272 0 0.035881   0 1.80258e-06 0 2.3e-05   0 3.32775e-05 0 0.000109   0.0185101 2.08945e-07 0.232143 4.76562e-07
50 0 0.00315031 0 0.031887   0 1.88629e-06 0 3e-05   0 4.17387e-05 0 0.000149   0.0220951 2.14688e-07 0.178571 5.23438e-07
60 0 0.0031489 0 0.031563   0 1.75945e-06 0 2.8e-05   0 4.90531e-05 0 0.000148   0.0176532 2.21133e-07 0.230159 8.125e-07
70 0 0.00311536 0 0.03205   0 1.11613e-06 0 1.7e-05   0 5.10525e-05 0 0.000165   0.0197691 2.07891e-07 0.16 9.375e-07
80 0 0.00312662 0 0.032176   0 1.91531e-06 0 3.1e-05   0 5.73019e-05 0 0.000172   0.0229206 2.04883e-07 0.40625 4.92187e-07
90 0 0.00316965 0 0.0346   0 1.72648e-06 0 5.8e-05   0 6.711e-05 0 0.00022   0.0157868 2.07344e-07 0.151394 6.25e-07
100 0 0.00308766 0 0.031423   0 1.79898e-06 0 3e-05   0 7.20981e-05 0 0.000226   0.0224083 2.04336e-07 0.278146 4.92187e-07
110 0 0.00311757 0 0.032238   0 2.0493e-06 0 4.3e-05   0 8.47981e-05 0 0.000301   0.0182 2.11523e-07 0.105882 6.25e-07
120 0 0.00312948 0 0.032517   0 1.33969e-06 0 1.8e-05   0 8.63306e-05 0 0.000276   0.0157182 2.00898e-07 0.131098 4.88281e-07
130 0 0.00313212 0 0.03564   0 1.47008e-06 0 1.4e-05   0 0.000102068 0 0.000342   0.0205047 2.1332e-07 0.198347 4.72656e-07
140 0 0.00312832 0 0.031808   0 9.82227e-07 0 5.6875e-06   0 9.17856e-05 0 0.000263   0.0202144 1.91992e-07 0.156894 4.10156e-07
150 0 0.00316327 0 0.032186   0 1.04336e-06 0 7.125e-06   0 0.000104351 0 0.000313   0.0234198 1.98281e-07 0.380488 4.72656e-07
160 0 0.00307269 0 0.031983   0 1.08152e-06 0 1.6e-05   0 0.000106054 0 0.000317   0.0178372 1.94688e-07 0.244332 4.53125e-07
170 0 0.00314065 0 0.031729   0 1.9368e-06 0 3.7e-05   0 0.00011302 0 0.000331   0.0207987 1.93711e-07 0.23494 4.53125e-07
180 0 0.00309573 0 0.032334   0 1.22492e-06 0 1.7e-05   0 0.00013548 0 0.000479   0.0194226 2.06914e-07 0.306502 5.27344e-07
190 0 0.00309485 0 0.031297   0 1.44621e-06 0 2.5e-05   0 0.00013032 0 0.000574   0.0172856 1.94727e-07 0.234727 3.98437e-07
200 0 0.00309854 0 0.03109   0 1.38336e-06 0 3.8e-05   0 0.00013564 0 0.000379   0.0180428 1.92656e-07 0.154684 4.25781e-07
210 0 0.00315329 0 0.032256   0 1.35715e-06 0 1.4e-05   0 0.000146429 0 0.000545   0.0147299 1.9625e-07 0.117729 5e-07
220 0 0.00305535 0 0.030651   0 1.19656e-06 0 1.2e-05   0 0.00015978 0 0.000503   0.0245166 2.00977e-07 0.250444 4.72656e-07
230 0 0.00312366 0 0.034297   0 1.49406e-06 0 5e-05   0 0.00015601 0 0.000474   0.0214227 1.96094e-07 0.205624 3.90625e-07
240 0 0.00312441 0 0.032201   0 1.04457e-06 0 1e-05   0 0.00016334 0 0.000591   0.0162568 2.01406e-07 0.257475 8.125e-07
250 0 0.00314002 0 0.031925   0 1.3484e-06 0 2.4e-05   0 0.00016806 0 0.000518   0.0176278 1.95664e-07 0.192405 4.6875e-07
260 0 0.0030966 0 0.031562   0 1.30332e-06 0 1.6e-05   0 0.00018791 0 0.000597   0.015638 1.99414e-07 0.206681 5.03906e-07
270 0 0.00308572 0 0.03094   0 1.27789e-06 0 1.7e-05   0 0.00017779 0 0.000485   0.0179267 1.93672e-07 0.226644 4.45313e-07
280 0 0.0031203 0 0.03177   0 9.07031e-07 0 1.3e-05   0 0.00019112 0 0.000523   0.0181946 1.95898e-07 0.150602 4.21875e-07
290 0 0.00318196 0 0.033527   0 1.2043e-06 0 1.5e-05   0 0.00021371 0 0.000981   0.0245616 2.07227e-07 0.227794 6.25e-07
300 0 0.00312783 0 0.034263   0 1.29406e-06 0 1.6e-05   0 0.00020492 0 0.000582   0.0182727 1.98047e-07 0.153713 4.45313e-07
310 0 0.00310785 0 0.031889   0 1.14734e-06 0 2.7e-05   0 0.00020038 0 0.000628   0.0163288 1.97031e-07 0.151125 4.76562e-07
320 0 0.00307332 0 0.030863   0 1.3891e-06 0 1.5e-05   0 0.00022294 0 0.000637   0.0173519 1.975e-07 0.290034 4.84375e-07
330 0 0.00311107 0 0.032096   0 1.66273e-06 0 3.3e-05   0 0.00022749 0 0.000608   0.0251591 1.94648e-07 0.223313 4.25781e-07
340 0 0.00312146 0 0.031798   0 1.34863e-06 0 2.3e-05   0 0.00023297 0 0.000678   0.0187845 1.95078e-07 0.1261 4.14063e-07
350 0 0.00314217 0 0.035022   0 1.60172e-06 0 1.8e-05   0 0.00024164 0 0.000932   0.0159113 1.96055e-07 0.105263 5.15625e-07
360 0 0.00315304 0 0.032348   0 1.57613e-06 0 2e-05   0 0.0002528 0 0.000835   0.0156069 2.04492e-07 0.122324 6.875e-07
370 0 0.00308772 0 0.03079   0 9.97109e-07 0 1.1e-05   0 0.00025592 0 0.000785   0.020869 1.95586e-07 0.15873 4.64844e-07
380 0 0.00307251 0 0.031373   0 1.3982e-06 0 1.7e-05   0 0.00025234 0 0.000707   0.0116645 1.91523e-07 0.120826 3.75e-07
390 0 0.00312307 0 0.033599   0 1.45617e-06 0 2e-05   0 0.00026022 0 0.000879   0.0121869 1.95e-07 0.0941935 5.11719e-07
400 0 0.0031578 0 0.032442   0 1.13797e-06 0 1.4e-05   0 0.00027516 0 0.000828   0.0163936 1.98633e-07 0.191364 6.25e-07
410 0 0.00310149 0 0.032071   0 1.26637e-06 0 1.6e-05   0 0.00026923 0 0.000833   0.0215809 1.92617e-07 0.263944 4.17969e-07
420 0 0.00312931 0 0.032166   0 1.10707e-06 0 1.4e-05   0 0.00028247 0 0.000845   0.0182272 1.9707e-07 0.236275 4.80469e-07
430 0 0.00309833 0 0.031233   0 2.74574e-06 0 8.4e-05   0 0.00029401 0 0.001238   0.0176659 2.00273e-07 0.236655 8.125e-07
CAPACITY : TOTAL_PRICE (ratio)
0.00577 0 0.00302577 0 0.030637   0 2.13945e-07 0 6.25e-07   0 1.312e-05 0 4.5e-05   0.031293 1.88828e-07 1 4.72656e-07
0.00665858 0 0.00306449 0 0.031234   0 2.21758e-07 0 6.25e-07   0 1.42531e-05 0 5.1e-05   0.0618391 1.89844e-07 1 4.45313e-07
0.007684 0 0.00307929 0 0.032936   0 2.43438e-07 0 7.5e-07   0 1.60375e-05 0 5.7e-05   0.116586 2.01992e-07 1 4.64844e-07
0.00886734 0 0.00305494 0 0.033124   0 2.23359e-07 0 7.5e-07   0 1.39244e-05 0 4.6e-05   0.143781 1.87969e-07 1 5e-07
0.0102329 0 0.00303984 0 0.031651   0 2.32812e-07 0 6.25e-07   0 1.59981e-05 0 4.8e-05   0.0617958 1.91914e-07 1 4.25781e-07
0.0118088 0 0.00300545 0 0.030387   0 2.43633e-07 0 8.75e-07   0 1.49394e-05 0 5.1e-05   0.0615569 1.86875e-07 1 4.49219e-07
0.0136273 0 0.00298541 0 0.030404   0 2.46172e-07 0 7.5e-07   0 1.61731e-05 0 4.6e-05   0.102504 1.89961e-07 1 4.375e-07
0.0157259 0 0.00310598 0 0.034438   0 2.80234e-07 0 1.125e-06   0 1.82131e-05 0 5.3e-05   0.0488677 1.92344e-07 1 4.72656e-07
0.0181477 0 0.00303025 0 0.031935   0 2.68242e-07 0 6.875e-07   0 1.76575e-05 0 4.6e-05   0.0567226 1.90703e-07 1 4.21875e-07
0.0209425 0 0.00303329 0 0.030511   0 2.98555e-07 0 8.75e-07   0 2.017e-05 0 5.8e-05   0.100001 1.98164e-07 1 4.60937e-07
0.0241676 0 0.00303854 0 0.032779   0 3.25313e-07 0 1.5625e-06   0 1.9655e-05 0 7.3e-05   0.111625 1.90234e-07 1 4.72656e-07
0.0278894 0 0.00301491 0 0.030973   0 3.37773e-07 0 1.125e-06   0 2.03531e-05 0 5.9e-05   0.0856335 1.91172e-07 1 4.76562e-07
0.0321844 0 0.00299911 0 0.030713   0 3.64141e-07 0 1.8125e-06   0 2.1465e-05 0 6.7e-05   0.0905482 1.90781e-07 1 4.53125e-07
0.0371408 0 0.00306327 0 0.033289   0 3.94961e-07 0 2.5e-06   0 2.08619e-05 0 9e-05   0.11383 1.8918e-07 1 4.76562e-07
0.0428605 0 0.0030009 0 0.030145   0 4.65039e-07 0 2.4375e-06   0 2.31988e-05 0 6.9e-05   0.091322 1.91406e-07 1 4.41406e-07
0.049461 0 0.00314969 0 0.030575   0 6.33516e-07 0 6.125e-06   0 2.9565e-05 0 0.000115   0.0503817 2.06523e-07 1 5.15625e-07
0.057078 0 0.00303369 0 0.031121   0 6.30547e-07 0 4.3125e-06   0 2.798e-05 0 0.00011   0.0901004 1.96836e-07 1 5.15625e-07
0.065868 0 0.00301467 0 0.031564   0 7.2793e-07 0 4.4375e-06   0 2.7975e-05 0 9.8e-05   0.093417 1.91602e-07 1 6.25e-07
0.0760117 0 0.00297979 0 0.030718   0 8.61875e-07 0 1e-05   0 2.75244e-05 0 8.1e-05   0.107357 1.87187e-07 1 4.14063e-07
0.0877175 0 0.00302989 0 0.031138   0 1.34047e-06 0 1.5e-05   0 3.05575e-05 0 0.0001   0.0807549 3.31719e-07 1 1.4e-05
0.101226 0 0.003 0 0.030078   0 1.43711e-06 0 1.2e-05   0 3.29631e-05 0 8.9e-05   0.0997894 1.92227e-07 1 4.53125e-07
0.116815 0 0.00300986 0 0.030664   0 1.98727e-06 0 1.4e-05   0 3.12412e-05 0 0.000108   0.0973219 1.89648e-07 1 4.375e-07
0.134804 0 0.00303577 0 0.03033   0 2.99055e-06 0 3e-05   0 3.58725e-05 0 0.000101   0.093347 1.9125e-07 1 4.76562e-07
0.155564 0 0.0030163 0 0.030985   0 3.97504e-06 0 2.8e-05   0 3.82956e-05 0 0.000144   0.0865835 1.91523e-07 1 4.60937e-07
0.179521 0 0.00300308 0 0.03105   0 5.87191e-06 0 5.7e-05   0 4.1705e-05 0 0.000148   0.0814977 1.96211e-07 1 4.80469e-07
0.207167 0 0.00307176 0 0.031008   0 6.81352e-06 0 7.5e-05   0 4.33969e-05 0 0.000135   0.0579659 1.9418e-07 1 4.80469e-07
0.239071 0 0.00304143 0 0.031285   0 7.21352e-06 0 7.2e-05   0 4.57269e-05 0 0.000147   0.0573193 1.89297e-07 0.393939 3.78906e-07
0.275888 0 0.00304372 0 0.033974   0 8.98391e-06 0 9.9e-05   0 4.89931e-05 0 0.000213   0.0601531 1.93555e-07 0.350877 5.27344e-07
0.318375 0 0.00310267 0 0.031729   0 9.43484e-06 0 0.000138   0 5.19975e-05 0 0.000171   0.0448585 1.90898e-07 0.439655 4.6875e-07
0.367404 0 0.00316746 0 0.032213   0 9.61406e-06 0 0.0001   0 5.56694e-05 0 0.000172   0.0515471 1.89883e-07 0.28972 4.53125e-07
0.423985 0 0.00316366 0 0.032489   0 7.99246e-06 0 0.000108   0 5.77019e-05 0 0.000172   0.036727 1.89453e-07 0.232558 3.67187e-07
0.489278 0 0.00319144 0 0.033499   0 6.54879e-06 0 0.000119   0 6.60287e-05 0 0.000192   0.0251532 1.99492e-07 0.183206 4.49219e-07
0.564627 0 0.0031502 0 0.031603   0 4.08457e-06 0 5e-05   0 6.6845e-05 0 0.000248   0.0276445 1.99414e-07 0.204334 4.64844e-07
0.65158 0 0.0030999 0 0.031457   0 1.24715e-06 0 1.8e-05   0 7.19569e-05 0 0.000242   0.0178494 2.04922e-07 0.142091 8.125e-07
0.751923 0 0.00306111 0 0.030786   0 4.88555e-07 0 4.8125e-06   0 7.0655e-05 0 0.000197   0.0113291 1.93516e-07 0.128655 3.71094e-07
0.867719 0 0.00306214 0 0.032192   0 2.56758e-07 0 1.3125e-06   0 6.92881e-05 0 0.00021   0.00749103 1.9543e-07 0.0864865 4.92187e-07
1.00135 0 0.00302357 0 0.030675   0 2.32344e-07 0 6.25e-07   0 7.246e-05 0 0.00033   0 2.01758e-07 0 5.3125e-07
1.15556 0 0.00305805 0 0.031325   0 2.20547e-07 0 6.875e-07   0 6.84081e-05 0 0.000179   0 1.99609e-07 0 6.875e-07
1.33351 0 0.00302836 0 0.030706   0 2.27656e-07 0 6.25e-07   0 7.21044e-05 0 0.000271   0 2.01641e-07 0 6.25e-07
1.53887 0 0.00305816 0 0.031208   0 2.23281e-07 0 6.25e-07   0 7.09519e-05 0 0.000226   0 2.01445e-07 0 8.75e-07
1.77586 0 0.00301235 0 0.030726   0 2.39844e-07 0 6.875e-07   0 7.35894e-05 0 0.000307   0 2.05625e-07 0 6.25e-07
GRANULARITY SMALLER ITEMS
0.0558125 0 0.00309519 0 0.030977   0 2.00527e-06 0 3.9e-05   0 7.21956e-05 0 0.000241   0.0205483 2.05547e-07 0.228856 8.125e-07
0.103813 0 0.00310263 0 0.031386   0 1.43027e-06 0 2.9e-05   0 6.32556e-05 0 0.000166   0.0149799 1.94336e-07 0.153226 4.92187e-07
0.151813 0 0.00306879 0 0.03118   0 1.95316e-06 0 3e-05   0 6.70812e-05 0 0.000245   0.016951 1.97578e-07 0.180617 4.92187e-07
0.199813 0 0.00309553 0 0.031521   0 1.33641e-06 0 1.4e-05   0 8.00725e-05 0 0.00029   0.0246615 2.10547e-07 0.25 6.25e-07
0.247812 0 0.00324032 0 0.039289   0 1.17023e-06 0 2e-05   0 7.29244e-05 0 0.000217   0.0135816 2.06016e-07 0.122581 4.84375e-07
0.295812 0 0.00311721 0 0.032279   0 1.08941e-06 0 1.6e-05   0 6.58906e-05 0 0.000191   0.0215611 1.91016e-07 0.240642 3.86719e-07
0.343812 0 0.00315888 0 0.031931   0 1.40707e-06 0 2e-05   0 6.54662e-05 0 0.000203   0.0169225 1.93477e-07 0.178744 4.29688e-07
0.391812 0 0.00311903 0 0.031966   0 1.33758e-06 0 1.7e-05   0 6.67694e-05 0 0.000192   0.0204482 1.93242e-07 0.235 4.6875e-07
0.439812 0 0.00308469 0 0.03099   0 1.12836e-06 0 1.8e-05   0 6.55106e-05 0 0.000221   0.0245853 1.91289e-07 0.323741 3.71094e-07
0.487812 0 0.00310782 0 0.031205   0 1.30324e-06 0 1.6e-05   0 6.54463e-05 0 0.000186   0.0171046 1.92383e-07 0.154286 4.45313e-07
0.535812 0 0.00312027 0 0.030705   0 1.15176e-06 0 1e-05   0 6.93144e-05 0 0.000259   0.0139258 1.99688e-07 0.154709 5.03906e-07
0.583812 0 0.00310234 0 0.032669   0 3.11891e-06 0 7.4e-05   0 7.46506e-05 0 0.000309   0.0224091 2.06953e-07 0.308772 6.25e-07
0.631812 0 0.00313141 0 0.031545   0 1.15148e-06 0 1.6e-05   0 7.95112e-05 0 0.000276   0.0204372 2.1875e-07 0.211921 1e-06
0.679813 0 0.00309499 0 0.031871   0 2.25539e-06 0 7.4e-05   0 7.30519e-05 0 0.000244   0.0193433 2.05547e-07 0.300971 5.35156e-07
0.727813 0 0.00310663 0 0.032113   0 1.19219e-06 0 2.7e-05   0 6.85981e-05 0 0.0002   0.0175358 1.95195e-07 0.142405 4.17969e-07
0.775813 0 0.00312074 0 0.031797   0 1.25906e-06 0 2.2e-05   0 6.81438e-05 0 0.000189   0.0163057 1.94414e-07 0.133333 4.21875e-07
0.823813 0 0.00315778 0 0.035168   0 1.3909e-06 0 1.3e-05   0 6.84106e-05 0 0.000235   0.0194175 1.96055e-07 0.120275 5.27344e-07
0.871813 0 0.00309561 0 0.031544   0 1.50309e-06 0 2.2e-05   0 6.83187e-05 0 0.000201   0.0227964 1.97031e-07 0.36 4.92187e-07
0.919813 0 0.00312958 0 0.031544   0 1.64324e-06 0 2.1e-05   0 6.6425e-05 0 0.000191   0.0167754 1.94766e-07 0.127321 4.53125e-07
0.967813 0 0.00308029 0 0.03172   0 1.8127e-06 0 8.8e-05   0 6.50287e-05 0 0.000195   0.0256577 1.92344e-07 0.299595 4.21875e-07
1.01581 0 0.00308658 0 0.031492   0 1.20191e-06 0 2.7e-05   0 7.06662e-05 0 0.000226   0.0147518 1.99609e-07 0.222222 4.96094e-07
1.06381 0 0.00311698 0 0.03145   0 1.54035e-06 0 2e-05   0 7.00312e-05 0 0.000227   0.0171276 1.98984e-07 0.141221 4.76562e-07
1.11181 0 0.00315057 0 0.035674   0 1.82453e-06 0 2.9e-05   0 6.75656e-05 0 0.000226   0.0239012 1.95391e-07 0.165414 4.41406e-07
1.15981 0 0.00309249 0 0.030908   0 1.3827e-06 0 2.1e-05   0 7.42556e-05 0 0.000259   0.02241 2.06758e-07 0.263682 4.92187e-07
1.20781 0 0.00314761 0 0.034131   0 1.24539e-06 0 1.5e-05   0 7.4785e-05 0 0.000233   0.0141722 2.03047e-07 0.131222 4.92187e-07
1.25581 0 0.00308898 0 0.0314   0 1.23215e-06 0 2.4e-05   0 6.89831e-05 0 0.00021   0.0188668 1.98789e-07 0.219251 4.64844e-07
1.30381 0 0.00310384 0 0.031467   0 1.07293e-06 0 1.4e-05   0 6.85769e-05 0 0.000226   0.0213757 1.93633e-07 0.233202 4.92187e-07
1.35181 0 0.00311899 0 0.031965   0 2.08012e-06 0 4.5e-05   0 6.61819e-05 0 0.000221   0.0187671 1.92734e-07 0.156794 4.92187e-07
1.39981 0 0.00310291 0 0.033623   0 1.22992e-06 0 1.6e-05   0 6.96794e-05 0 0.00024   0.017399 1.96289e-07 0.162544 5.19531e-07
1.44781 0 0.00305847 0 0.030515   0 1.30172e-06 0 1.9e-05   0 6.959e-05 0 0.000192   0.0223896 2.0043e-07 0.159794 5.15625e-07
1.49581 0 0.00313181 0 0.032684   0 1.18488e-06 0 1.9e-05   0 7.01581e-05 0 0.000214   0.0200187 1.97695e-07 0.142857 4.96094e-07
1.54381 0 0.00308426 0 0.031719   0 1.28844e-06 0 1.6e-05   0 6.74981e-05 0 0.000205   0.0167466 1.91836e-07 0.155709 3.75e-07
1.59181 0 0.00308655 0 0.031575   0 1.7673e-06 0 2.3e-05   0 6.75031e-05 0 0.000226   0.0169291 1.94141e-07 0.138973 4.76562e-07
1.63981 0 0.00315065 0 0.033009   0 1.74969e-06 0 3.8e-05   0 6.78369e-05 0 0.000195   0.0170659 1.95703e-07 0.173633 4.375e-07
1.68781 0 0.00306173 0 0.030669   0 1.35008e-06 0 2.7e-05   0 6.80281e-05 0 0.000221   0.0230175 1.97227e-07 0.34058 4.57031e-07
1.73581 0 0.00322329 0 0.031999   0 1.2966e-06 0 2.2e-05   0 6.80894e-05 0 0.000259   0.0218425 1.96172e-07 0.232975 5.19531e-07
1.78381 0 0.00313554 0 0.033982   0 1.22418e-06 0 1.8e-05   0 6.55069e-05 0 0.00021   0.0137875 1.9207e-07 0.126904 4.25781e-07
1.83181 0 0.003108 0 0.031776   0 1.16082e-06 0 1.4e-05   0 6.54681e-05 0 0.000207   0.0168256 1.93398e-07 0.136054 4.92187e-07
1.87981 0 0.00308705 0 0.031043   0 1.55324e-06 0 1.8e-05   0 7.23156e-05 0 0.000273   0.0162556 2.01914e-07 0.239362 5.15625e-07
1.92781 0 0.00307546 0 0.032066   0 1.06723e-06 0 2e-05   0 6.74175e-05 0 0.000186   0.0174957 1.9668e-07 0.205323 4.45313e-07
1.97581 0 0.00309582 0 0.032045   0 1.23793e-06 0 1.7e-05   0 6.42263e-05 0 0.000188   0.0185055 1.91406e-07 0.223464 3.82812e-07
GRANULARITY BIGGER ITEMS
0.0558125 0 0.0031531 0 0.032205   0 1.22676e-06 0 1.4e-05   0 6.55094e-05 0 0.000195   0.0208987 1.92578e-07 0.172794 4.64844e-07
0.103813 0 0.0031326 0 0.032729   0 1.22082e-06 0 1.8e-05   0 6.63069e-05 0 0.000207   0.0185966 1.95156e-07 0.13555 4.53125e-07
0.151813 0 0.00309263 0 0.031674   0 1.18207e-06 0 1.4e-05   0 6.95787e-05 0 0.000236   0.0193003 1.93438e-07 0.19171 4.92187e-07
0.199813 0 0.00310009 0 0.031532   0 1.49711e-06 0 2e-05   0 6.671e-05 0 0.000199   0.0211687 1.91914e-07 0.196203 4.02344e-07
0.247812 0 0.00309572 0 0.031399   0 1.20523e-06 0 1.2e-05   0 7.14512e-05 0 0.000284   0.0154163 2.06797e-07 0.180645 8.75e-07
0.295812 0 0.0030781 0 0.032046   0 1.43043e-06 0 4.2e-05   0 6.77606e-05 0 0.000188   0.0209714 1.93047e-07 0.231343 4.21875e-07
0.343812 0 0.0031035 0 0.03408   0 1.43062e-06 0 2e-05   0 6.63419e-05 0 0.000203   0.0192996 1.91953e-07 0.308017 4.57031e-07
0.391812 0 0.0031458 0 0.031861   0 9.76211e-07 0 1.4e-05   0 6.63175e-05 0 0.000196   0.0141513 1.92852e-07 0.10453 4.80469e-07
0.439812 0 0.00311523 0 0.032106   0 1.50559e-06 0 2.4e-05   0 6.43081e-05 0 0.000173   0.0212409 1.975e-07 0.130584 6.25e-07
0.487812 0 0.00309862 0 0.031597   0 1.66352e-06 0 2.5e-05   0 6.65044e-05 0 0.000199   0.0195144 1.93906e-07 0.175115 4.64844e-07
0.535812 0 0.00307401 0 0.031297   0 1.7323e-06 0 3.5e-05   0 6.77431e-05 0 0.000254   0.0162203 1.95547e-07 0.135338 4.96094e-07
0.583812 0 0.00311348 0 0.032506   0 1.10633e-06 0 1.4e-05   0 6.55012e-05 0 0.000191   0.01485 1.90547e-07 0.113043 3.82812e-07
0.631812 0 0.00319117 0 0.034462   0 1.05383e-06 0 1.1e-05   0 7.52288e-05 0 0.000271   0.0182182 2.06328e-07 0.186603 5.15625e-07
0.679813 0 0.00317903 0 0.032863   0 1.08789e-06 0 1.6e-05   0 7.07062e-05 0 0.000273   0.0140703 1.99414e-07 0.158654 4.80469e-07
0.727813 0 0.00314926 0 0.032267   0 1.44043e-06 0 3.4e-05   0 6.74962e-05 0 0.000226   0.0228422 1.93984e-07 0.206107 4.92187e-07
0.775813 0 0.00314472 0 0.031904   0 1.61191e-06 0 4.6e-05   0 6.84344e-05 0 0.000219   0.0285439 1.94375e-07 0.210526 5.15625e-07
0.823813 0 0.00311304 0 0.031555   0 1.17184e-06 0 1.6e-05   0 6.51112e-05 0 0.000184   0.016624 1.92969e-07 0.163366 4.72656e-07
0.871813 0 0.00307568 0 0.03161   0 1.37008e-06 0 1.4e-05   0 6.90581e-05 0 0.00028   0.0176934 3.35781e-07 0.12766 1.4e-05
0.919813 0 0.00310825 0 0.033661   0 1.39371e-06 0 2.7e-05   0 7.43931e-05 0 0.000238   0.0157602 2.17578e-07 0.197842 1e-06
0.967813 0 0.00313438 0 0.031435   0 1.22113e-06 0 1.9e-05   0 6.93956e-05 0 0.000286   0.013109 1.98008e-07 0.109756 4.84375e-07
1.01581 0 0.00306395 0 0.031315   0 2.04395e-06 0 1.8e-05   0 7.22606e-05 0 0.000294   0.0198687 2.05547e-07 0.282511 5.11719e-07
1.06381 0 0.00305474 0 0.03157   0 2.44969e-06 0 4.8e-05   0 6.59762e-05 0 0.00018   0.0150505 1.93008e-07 0.108614 4.375e-07
1.11181 0 0.00310307 0 0.033336   0 2.09492e-06 0 2.3e-05   0 6.45569e-05 0 0.000178   0.0111176 1.91758e-07 0.08 4.10156e-07
1.15981 0 0.00307283 0 0.031091   0 2.06504e-06 0 3e-05   0 6.54219e-05 0 0.000187   0.0157416 1.91914e-07 0.211712 4.0625e-07
1.20781 0 0.00321651 0 0.040638   0 2.3173e-06 0 3.1e-05   0 8.378e-05 0 0.000275   0.0117827 2.2418e-07 0.135922 6.25e-07
1.25581 0 0.00306816 0 0.031183   0 1.55613e-06 0 1.9e-05   0 6.91862e-05 0 0.000245   0.013518 1.9582e-07 0.139394 4.76562e-07
1.30381 0 0.00305908 0 0.031182   0 2.34754e-06 0 2.2e-05   0 6.61962e-05 0 0.000191   0.0151751 1.92031e-07 0.154574 3.98437e-07
1.35181 0 0.0030621 0 0.0308   0 1.9191e-06 0 2.7e-05   0 6.46556e-05 0 0.000199   0.0128495 1.91367e-07 0.12766 4.25781e-07
1.39981 0 0.00310922 0 0.031858   0 1.58184e-06 0 1.3e-05   0 7.45675e-05 0 0.000277   0.0144098 2.2457e-07 0.146739 1.8125e-06
1.44781 0 0.00307688 0 0.031251   0 3.57676e-06 0 4.8e-05   0 6.63981e-05 0 0.000224   0.0170104 1.97461e-07 0.206349 7.5e-07
1.49581 0 0.00309614 0 0.035562   0 2.69285e-06 0 3.5e-05   0 7.25013e-05 0 0.000256   0.0156901 2.01523e-07 0.246377 5e-07
1.54381 0 0.00308122 0 0.032316   0 2.5852e-06 0 5.3e-05   0 7.00419e-05 0 0.000226   0.0135665 1.94609e-07 0.0951456 4.17969e-07
1.59181 0 0.0031018 0 0.031147   0 2.97027e-06 0 7e-05   0 6.64294e-05 0 0.000183   0.0114671 1.93906e-07 0.120482 4.17969e-07
1.63981 0 0.00304095 0 0.031733   0 1.71277e-06 0 1.9e-05   0 6.45925e-05 0 0.000189   0.0159303 1.90508e-07 0.156627 3.78906e-07
1.68781 0 0.0030435 0 0.031826   0 2.07961e-06 0 3e-05   0 6.87637e-05 0 0.000201   0.0111903 2.03398e-07 0.114391 6.05469e-07
1.73581 0 0.00307796 0 0.031836   0 2.49957e-06 0 3.2e-05   0 6.92825e-05 0 0.000304   0.0140086 2.01523e-07 0.0992908 6.09375e-07
1.78381 0 0.00310092 0 0.031458   0 2.17656e-06 0 1.8e-05   0 7.463e-05 0 0.00027   0.012673 2.13477e-07 0.125 1.0625e-06
1.83181 0 0.00304407 0 0.030889   0 1.79496e-06 0 1.8e-05   0 6.6195e-05 0 0.000199   0.00905356 1.94062e-07 0.0902439 4.41406e-07
1.87981 0 0.00310378 0 0.032072   0 1.65676e-06 0 3e-05   0 6.45006e-05 0 0.000196   0.0128475 1.9293e-07 0.144186 4.80469e-07
1.92781 0 0.00312707 0 0.031969   0 1.85832e-06 0 2.9e-05   0 6.49194e-05 0 0.000203   0.012564 1.9082e-07 0.129353 3.78906e-07
1.97581 0 0.00305243 0 0.030933   0 1.83914e-06 0 2.3e-05   0 6.96694e-05 0 0.000231   0.0121112 2.01016e-07 0.105882 4.6875e-07
