0.00577 0 0.00302577 0 0.030637 0 2.13945e-07 0 6.25e-07 0 1.312e-05 0 4.5e-05 0.031293 1.88828e-07 1 4.72656e-07
0.00665858 0 0.00306449 0 0.031234 0 2.21758e-07 0 6.25e-07 0 1.42531e-05 0 5.1e-05 0.0618391 1.89844e-07 1 4.45313e-07
0.007684 0 0.00307929 0 0.032936 0 2.43438e-07 0 7.5e-07 0 1.60375e-05 0 5.7e-05 0.116586 2.01992e-07 1 4.64844e-07
0.00886734 0 0.00305494 0 0.033124 0 2.23359e-07 0 7.5e-07 0 1.39244e-05 0 4.6e-05 0.143781 1.87969e-07 1 5e-07
0.0102329 0 0.00303984 0 0.031651 0 2.32812e-07 0 6.25e-07 0 1.59981e-05 0 4.8e-05 0.0617958 1.91914e-07 1 4.25781e-07
0.0118088 0 0.00300545 0 0.030387 0 2.43633e-07 0 8.75e-07 0 1.49394e-05 0 5.1e-05 0.0615569 1.86875e-07 1 4.49219e-07
0.0136273 0 0.00298541 0 0.030404 0 2.46172e-07 0 7.5e-07 0 1.61731e-05 0 4.6e-05 0.102504 1.89961e-07 1 4.375e-07
0.0157259 0 0.00310598 0 0.034438 0 2.80234e-07 0 1.125e-06 0 1.82131e-05 0 5.3e-05 0.0488677 1.92344e-07 1 4.72656e-07
0.0181477 0 0.00303025 0 0.031935 0 2.68242e-07 0 6.875e-07 0 1.76575e-05 0 4.6e-05 0.0567226 1.90703e-07 1 4.21875e-07
0.0209425 0 0.00303329 0 0.030511 0 2.98555e-07 0 8.75e-07 0 2.017e-05 0 5.8e-05 0.100001 1.98164e-07 1 4.60937e-07
0.0241676 0 0.00303854 0 0.032779 0 3.25313e-07 0 1.5625e-06 0 1.9655e-05 0 7.3e-05 0.111625 1.90234e-07 1 4.72656e-07
0.0278894 0 0.00301491 0 0.030973 0 3.37773e-07 0 1.125e-06 0 2.03531e-05 0 5.9e-05 0.0856335 1.91172e-07 1 4.76562e-07
0.0321844 0 0.00299911 0 0.030713 0 3.64141e-07 0 1.8125e-06 0 2.1465e-05 0 6.7e-05 0.0905482 1.90781e-07 1 4.53125e-07
0.0371408 0 0.00306327 0 0.033289 0 3.94961e-07 0 2.5e-06 0 2.08619e-05 0 9e-05 0.11383 1.8918e-07 1 4.76562e-07
0.0428605 0 0.0030009 0 0.030145 0 4.65039e-07 0 2.4375e-06 0 2.31988e-05 0 6.9e-05 0.091322 1.91406e-07 1 4.41406e-07
0.049461 0 0.00314969 0 0.030575 0 6.33516e-07 0 6.125e-06 0 2.9565e-05 0 0.000115 0.0503817 2.06523e-07 1 5.15625e-07
0.057078 0 0.00303369 0 0.031121 0 6.30547e-07 0 4.3125e-06 0 2.798e-05 0 0.00011 0.0901004 1.96836e-07 1 5.15625e-07
0.065868 0 0.00301467 0 0.031564 0 7.2793e-07 0 4.4375e-06 0 2.7975e-05 0 9.8e-05 0.093417 1.91602e-07 1 6.25e-07
0.0760117 0 0.00297979 0 0.030718 0 8.61875e-07 0 1e-05 0 2.75244e-05 0 8.1e-05 0.107357 1.87187e-07 1 4.14063e-07
0.0877175 0 0.00302989 0 0.031138 0 1.34047e-06 0 1.5e-05 0 3.05575e-05 0 0.0001 0.0807549 3.31719e-07 1 1.4e-05
0.101226 0 0.003 0 0.030078 0 1.43711e-06 0 1.2e-05 0 3.29631e-05 0 8.9e-05 0.0997894 1.92227e-07 1 4.53125e-07
0.116815 0 0.00300986 0 0.030664 0 1.98727e-06 0 1.4e-05 0 3.12412e-05 0 0.000108 0.0973219 1.89648e-07 1 4.375e-07
0.134804 0 0.00303577 0 0.03033 0 2.99055e-06 0 3e-05 0 3.58725e-05 0 0.000101 0.093347 1.9125e-07 1 4.76562e-07
0.155564 0 0.0030163 0 0.030985 0 3.97504e-06 0 2.8e-05 0 3.82956e-05 0 0.000144 0.0865835 1.91523e-07 1 4.60937e-07
0.179521 0 0.00300308 0 0.03105 0 5.87191e-06 0 5.7e-05 0 4.1705e-05 0 0.000148 0.0814977 1.96211e-07 1 4.80469e-07
0.207167 0 0.00307176 0 0.031008 0 6.81352e-06 0 7.5e-05 0 4.33969e-05 0 0.000135 0.0579659 1.9418e-07 1 4.80469e-07
0.239071 0 0.00304143 0 0.031285 0 7.21352e-06 0 7.2e-05 0 4.57269e-05 0 0.000147 0.0573193 1.89297e-07 0.393939 3.78906e-07
0.275888 0 0.00304372 0 0.033974 0 8.98391e-06 0 9.9e-05 0 4.89931e-05 0 0.000213 0.0601531 1.93555e-07 0.350877 5.27344e-07
0.318375 0 0.00310267 0 0.031729 0 9.43484e-06 0 0.000138 0 5.19975e-05 0 0.000171 0.0448585 1.90898e-07 0.439655 4.6875e-07
0.367404 0 0.00316746 0 0.032213 0 9.61406e-06 0 0.0001 0 5.56694e-05 0 0.000172 0.0515471 1.89883e-07 0.28972 4.53125e-07
0.423985 0 0.00316366 0 0.032489 0 7.99246e-06 0 0.000108 0 5.77019e-05 0 0.000172 0.036727 1.89453e-07 0.232558 3.67187e-07
0.489278 0 0.00319144 0 0.033499 0 6.54879e-06 0 0.000119 0 6.60287e-05 0 0.000192 0.0251532 1.99492e-07 0.183206 4.49219e-07
0.564627 0 0.0031502 0 0.031603 0 4.08457e-06 0 5e-05 0 6.6845e-05 0 0.000248 0.0276445 1.99414e-07 0.204334 4.64844e-07
0.65158 0 0.0030999 0 0.031457 0 1.24715e-06 0 1.8e-05 0 7.19569e-05 0 0.000242 0.0178494 2.04922e-07 0.142091 8.125e-07
0.751923 0 0.00306111 0 0.030786 0 4.88555e-07 0 4.8125e-06 0 7.0655e-05 0 0.000197 0.0113291 1.93516e-07 0.128655 3.71094e-07
0.867719 0 0.00306214 0 0.032192 0 2.56758e-07 0 1.3125e-06 0 6.92881e-05 0 0.00021 0.00749103 1.9543e-07 0.0864865 4.92187e-07
1.00135 0 0.00302357 0 0.030675 0 2.32344e-07 0 6.25e-07 0 7.246e-05 0 0.00033 0 2.01758e-07 0 5.3125e-07
1.15556 0 0.00305805 0 0.031325 0 2.20547e-07 0 6.875e-07 0 6.84081e-05 0 0.000179 0 1.99609e-07 0 6.875e-07
1.33351 0 0.00302836 0 0.030706 0 2.27656e-07 0 6.25e-07 0 7.21044e-05 0 0.000271 0 2.01641e-07 0 6.25e-07
1.53887 0 0.00305816 0 0.031208 0 2.23281e-07 0 6.25e-07 0 7.09519e-05 0 0.000226 0 2.01445e-07 0 8.75e-07
1.77586 0 0.00301235 0 0.030726 0 2.39844e-07 0 6.875e-07 0 7.35894e-05 0 0.000307 0 2.05625e-07 0 6.25e-07
