0.0558125 0 0.0031531 0 0.032205 0 1.22676e-06 0 1.4e-05 0 6.55094e-05 0 0.000195 0.0208987 1.92578e-07 0.172794 4.64844e-07
0.103813 0 0.0031326 0 0.032729 0 1.22082e-06 0 1.8e-05 0 6.63069e-05 0 0.000207 0.0185966 1.95156e-07 0.13555 4.53125e-07
0.151813 0 0.00309263 0 0.031674 0 1.18207e-06 0 1.4e-05 0 6.95787e-05 0 0.000236 0.0193003 1.93438e-07 0.19171 4.92187e-07
0.199813 0 0.00310009 0 0.031532 0 1.49711e-06 0 2e-05 0 6.671e-05 0 0.000199 0.0211687 1.91914e-07 0.196203 4.02344e-07
0.247812 0 0.00309572 0 0.031399 0 1.20523e-06 0 1.2e-05 0 7.14512e-05 0 0.000284 0.0154163 2.06797e-07 0.180645 8.75e-07
0.295812 0 0.0030781 0 0.032046 0 1.43043e-06 0 4.2e-05 0 6.77606e-05 0 0.000188 0.0209714 1.93047e-07 0.231343 4.21875e-07
0.343812 0 0.0031035 0 0.03408 0 1.43062e-06 0 2e-05 0 6.63419e-05 0 0.000203 0.0192996 1.91953e-07 0.308017 4.57031e-07
0.391812 0 0.0031458 0 0.031861 0 9.76211e-07 0 1.4e-05 0 6.63175e-05 0 0.000196 0.0141513 1.92852e-07 0.10453 4.80469e-07
0.439812 0 0.00311523 0 0.032106 0 1.50559e-06 0 2.4e-05 0 6.43081e-05 0 0.000173 0.0212409 1.975e-07 0.130584 6.25e-07
0.487812 0 0.00309862 0 0.031597 0 1.66352e-06 0 2.5e-05 0 6.65044e-05 0 0.000199 0.0195144 1.93906e-07 0.175115 4.64844e-07
0.535812 0 0.00307401 0 0.031297 0 1.7323e-06 0 3.5e-05 0 6.77431e-05 0 0.000254 0.0162203 1.95547e-07 0.135338 4.96094e-07
0.583812 0 0.00311348 0 0.032506 0 1.10633e-06 0 1.4e-05 0 6.55012e-05 0 0.000191 0.01485 1.90547e-07 0.113043 3.82812e-07
0.631812 0 0.00319117 0 0.034462 0 1.05383e-06 0 1.1e-05 0 7.52288e-05 0 0.000271 0.0182182 2.06328e-07 0.186603 5.15625e-07
0.679813 0 0.00317903 0 0.032863 0 1.08789e-06 0 1.6e-05 0 7.07062e-05 0 0.000273 0.0140703 1.99414e-07 0.158654 4.80469e-07
0.727813 0 0.00314926 0 0.032267 0 1.44043e-06 0 3.4e-05 0 6.74962e-05 0 0.000226 0.0228422 1.93984e-07 0.206107 4.92187e-07
0.775813 0 0.00314472 0 0.031904 0 1.61191e-06 0 4.6e-05 0 6.84344e-05 0 0.000219 0.0285439 1.94375e-07 0.210526 5.15625e-07
0.823813 0 0.00311304 0 0.031555 0 1.17184e-06 0 1.6e-05 0 6.51112e-05 0 0.000184 0.016624 1.92969e-07 0.163366 4.72656e-07
0.871813 0 0.00307568 0 0.03161 0 1.37008e-06 0 1.4e-05 0 6.90581e-05 0 0.00028 0.0176934 3.35781e-07 0.12766 1.4e-05
0.919813 0 0.00310825 0 0.033661 0 1.39371e-06 0 2.7e-05 0 7.43931e-05 0 0.000238 0.0157602 2.17578e-07 0.197842 1e-06
0.967813 0 0.00313438 0 0.031435 0 1.22113e-06 0 1.9e-05 0 6.93956e-05 0 0.000286 0.013109 1.98008e-07 0.109756 4.84375e-07
1.01581 0 0.00306395 0 0.031315 0 2.04395e-06 0 1.8e-05 0 7.22606e-05 0 0.000294 0.0198687 2.05547e-07 0.282511 5.11719e-07
1.06381 0 0.00305474 0 0.03157 0 2.44969e-06 0 4.8e-05 0 6.59762e-05 0 0.00018 0.0150505 1.93008e-07 0.108614 4.375e-07
1.11181 0 0.00310307 0 0.033336 0 2.09492e-06 0 2.3e-05 0 6.45569e-05 0 0.000178 0.0111176 1.91758e-07 0.08 4.10156e-07
1.15981 0 0.00307283 0 0.031091 0 2.06504e-06 0 3e-05 0 6.54219e-05 0 0.000187 0.0157416 1.91914e-07 0.211712 4.0625e-07
1.20781 0 0.00321651 0 0.040638 0 2.3173e-06 0 3.1e-05 0 8.378e-05 0 0.000275 0.0117827 2.2418e-07 0.135922 6.25e-07
1.25581 0 0.00306816 0 0.031183 0 1.55613e-06 0 1.9e-05 0 6.91862e-05 0 0.000245 0.013518 1.9582e-07 0.139394 4.76562e-07
1.30381 0 0.00305908 0 0.031182 0 2.34754e-06 0 2.2e-05 0 6.61962e-05 0 0.000191 0.0151751 1.92031e-07 0.154574 3.98437e-07
1.35181 0 0.0030621 0 0.0308 0 1.9191e-06 0 2.7e-05 0 6.46556e-05 0 0.000199 0.0128495 1.91367e-07 0.12766 4.25781e-07
1.39981 0 0.00310922 0 0.031858 0 1.58184e-06 0 1.3e-05 0 7.45675e-05 0 0.000277 0.0144098 2.2457e-07 0.146739 1.8125e-06
1.44781 0 0.00307688 0 0.031251 0 3.57676e-06 0 4.8e-05 0 6.63981e-05 0 0.000224 0.0170104 1.97461e-07 0.206349 7.5e-07
1.49581 0 0.00309614 0 0.035562 0 2.69285e-06 0 3.5e-05 0 7.25013e-05 0 0.000256 0.0156901 2.01523e-07 0.246377 5e-07
1.54381 0 0.00308122 0 0.032316 0 2.5852e-06 0 5.3e-05 0 7.00419e-05 0 0.000226 0.0135665 1.94609e-07 0.0951456 4.17969e-07
1.59181 0 0.0031018 0 0.031147 0 2.97027e-06 0 7e-05 0 6.64294e-05 0 0.000183 0.0114671 1.93906e-07 0.120482 4.17969e-07
1.63981 0 0.00304095 0 0.031733 0 1.71277e-06 0 1.9e-05 0 6.45925e-05 0 0.000189 0.0159303 1.90508e-07 0.156627 3.78906e-07
1.68781 0 0.0030435 0 0.031826 0 2.07961e-06 0 3e-05 0 6.87637e-05 0 0.000201 0.0111903 2.03398e-07 0.114391 6.05469e-07
1.73581 0 0.00307796 0 0.031836 0 2.49957e-06 0 3.2e-05 0 6.92825e-05 0 0.000304 0.0140086 2.01523e-07 0.0992908 6.09375e-07
1.78381 0 0.00310092 0 0.031458 0 2.17656e-06 0 1.8e-05 0 7.463e-05 0 0.00027 0.012673 2.13477e-07 0.125 1.0625e-06
1.83181 0 0.00304407 0 0.030889 0 1.79496e-06 0 1.8e-05 0 6.6195e-05 0 0.000199 0.00905356 1.94062e-07 0.0902439 4.41406e-07
1.87981 0 0.00310378 0 0.032072 0 1.65676e-06 0 3e-05 0 6.45006e-05 0 0.000196 0.0128475 1.9293e-07 0.144186 4.80469e-07
1.92781 0 0.00312707 0 0.031969 0 1.85832e-06 0 2.9e-05 0 6.49194e-05 0 0.000203 0.012564 1.9082e-07 0.129353 3.78906e-07
1.97581 0 0.00305243 0 0.030933 0 1.83914e-06 0 2.3e-05 0 6.96694e-05 0 0.000231 0.0121112 2.01016e-07 0.105882 4.6875e-07
