4 0 3.125e-07 0 6.25e-07   0.57913 2.67266e-07 0.909247 4.88281e-07   0.0719414 1.05547e-07 0.683673 1.67969e-07   0 2.836e-05 0 8.1e-05   0 7.3375e-06 0 2e-05   0.00161256 3.15875e-06 0.0433071 5.8125e-06   0.00990918 2.4825e-06 0.0995671 4.4375e-06   0 5.164e-05 0 0.000124   
10 0 1.01725e-05 0 1.3e-05   0.870952 8.89664e-06 0.941065 1.3e-05   0.0308642 2.19219e-07 0.157534 2.34375e-07   0 0.00013802 0 0.000178   3.31703e-05 6.036e-05 0.00083682 7.6e-05   0.000530249 2.406e-05 0.0108108 2.9e-05   0.000805479 1.67325e-05 0.0137615 2e-05   0 0.00062108 0 0.000843   
15 0 0.00022996 0 0.000256   0.863135 0.000356169 0.916449 0.000392   0.00967334 3.30312e-07 0.0854271 3.82812e-07   0 0.00032428 0 0.000464   2.53165e-05 0.00019236 0.000724113 0.000264   0.000280092 6.654e-05 0.00287494 8.6e-05   0.000443125 4.294e-05 0.00491703 5.5e-05   0 0.00213986 0 0.002956   
20 0 0.00698508 0 0.007696   0.865235 0.0108887 0.914498 0.011892   0.0139123 6.8125e-07 0.0843373 7.5e-07   0 0.00063202 0 0.000803   0 0.00047958 0 0.000573   2.56959e-05 0.00015136 0.0012848 0.000181   0.00021656 9.486e-05 0.00342612 0.000113   0 0.00518728 0 0.006505   
22 0 0.0282424 0 0.030949   0.872275 0.0410695 0.915237 0.046217   0.0156641 7.3375e-07 0.0875248 7.5e-07   0 0.0007456 0 0.000902   0 0.0006368 0 0.000751   0 0.00020084 0 0.000236   8.82619e-05 0.0001251 0.00241663 0.000151   0 0.0069636 0 0.008248   
25 0 0.224147 0 0.245648   0.872181 0.33853 0.910106 0.370538   0.0132997 8.4625e-07 0.0542435 9.375e-07   0 0.00098632 0 0.00117   7.38007e-06 0.00094106 0.000369004 0.001115   3.37573e-05 0.00029628 0.000992063 0.000355   9.64074e-05 0.00018074 0.00187547 0.000219   0 0.01055 0 0.012565   
27 0 -42 0 0   0 -42 0 0   0.010739 8.7875e-07 0.106017 9.375e-07   0 0.0010906 0 0.001484   7.89578e-06 0.00113772 0.000394789 0.001523   1.92016e-05 0.00036484 0.000565291 0.000499   0.000120571 0.00021798 0.00142602 0.000288   0 0.0130447 0 0.017527   
30 0 -42 0 0   0 -42 0 0   0.0106938 9.8375e-07 0.0551378 1.0625e-06   0 0.00139502 0 0.00184   0 0.00155816 0 0.002042   1.70694e-05 0.00051024 0.000577534 0.000663   8.64787e-05 0.00030054 0.00124766 0.000365   0 0.0189665 0 0.02515   
32 0 -42 0 0   0 -42 0 0   0.0075559 1.0725e-06 0.036118 1.8125e-06   0 0.00155476 0 0.001919   0 0.00189744 0 0.002381   2.05689e-05 0.00061632 0.000519346 0.000763   5.28218e-05 0.00035568 0.000867303 0.000424   0 0.0225956 0 0.027726   
35 0 -42 0 0   0 -42 0 0   0.0104143 1.4425e-06 0.0460922 1.5e-06   0 0.00191774 0 0.002352   0 0.00258682 0 0.003188   0 0.00083638 0 0.001027   5.65144e-05 0.00045938 0.000875912 0.000546   0 0.0306385 0 0.037305   
37 0 -42 0 0   0 -42 0 0   0.00767777 1.82625e-06 0.0819672 2.3125e-06   0 0.00205386 0 0.002607   0 0.00308302 0 0.003772   1.57653e-05 0.00097806 0.000504414 0.001216   4.15954e-05 0.00053572 0.000804074 0.000646   0 0.0362692 0 0.044255   
40 0 -42 0 0   0 -42 0 0   0.00655541 1.91875e-06 0.0257249 2e-06   0 0.00250624 0 0.003021   0 0.0039424 0 0.004853   2.37205e-05 0.00126174 0.000514933 0.001643   4.69179e-05 0.00067698 0.000643777 0.000852   0 0.046183 0 0.060399
