4 0.00161256 3.15875e-06 0.0433071 5.8125e-06
10 0.000530249 2.406e-05 0.0108108 2.9e-05
15 0.000280092 6.654e-05 0.00287494 8.6e-05
20 2.56959e-05 0.00015136 0.0012848 0.000181
22 0 0.00020084 0 0.000236
25 3.37573e-05 0.00029628 0.000992063 0.000355
27 1.92016e-05 0.00036484 0.000565291 0.000499
30 1.70694e-05 0.00051024 0.000577534 0.000663
32 2.05689e-05 0.00061632 0.000519346 0.000763
35 0 0.00083638 0 0.001027
37 1.57653e-05 0.00097806 0.000504414 0.001216
40 2.37205e-05 0.00126174 0.000514933 0.001643
