4 0.0719414 1.05547e-07 0.683673 1.67969e-07
10 0.0308642 2.19219e-07 0.157534 2.34375e-07
15 0.00967334 3.30312e-07 0.0854271 3.82812e-07
20 0.0139123 6.8125e-07 0.0843373 7.5e-07
22 0.0156641 7.3375e-07 0.0875248 7.5e-07
25 0.0132997 8.4625e-07 0.0542435 9.375e-07
27 0.010739 8.7875e-07 0.106017 9.375e-07
30 0.0106938 9.8375e-07 0.0551378 1.0625e-06
32 0.0075559 1.0725e-06 0.036118 1.8125e-06
35 0.0104143 1.4425e-06 0.0460922 1.5e-06
37 0.00767777 1.82625e-06 0.0819672 2.3125e-06
40 0.00655541 1.91875e-06 0.0257249 2e-06
