30 0 0.00311772 0 0.031292 0 1.6823e-06 0 3.5e-05 0 6.93662e-05 0 0.000226 0.0204082 2.06992e-07 0.172269 8.125e-07
40 0 0.00313053 0 0.030959 0 1.43074e-06 0 1.7e-05 0 7.01313e-05 0 0.000221 0.0198336 1.97813e-07 0.133829 5e-07
50 0 0.00311575 0 0.033044 0 1.74488e-06 0 2.1e-05 0 7.03387e-05 0 0.000224 0.0191642 2.0168e-07 0.188406 4.60937e-07
60 0 0.00309522 0 0.030623 0 1.24309e-06 0 2.8e-05 0 6.89175e-05 0 0.00025 0.0243552 1.97305e-07 0.187845 5.19531e-07
70 0 0.00311515 0 0.03237 0 1.39016e-06 0 1.8e-05 0 7.55206e-05 0 0.000279 0.018967 2.08594e-07 0.229885 4.96094e-07
80 0 0.00315739 0 0.033056 0 1.19332e-06 0 1.6e-05 0 6.91919e-05 0 0.000285 0.0169701 2.01797e-07 0.209677 4.84375e-07
90 0 0.00308887 0 0.033371 0 1.0891e-06 0 1.2e-05 0 6.75931e-05 0 0.000202 0.0148177 1.92461e-07 0.113889 4.49219e-07
100 0 0.00320101 0 0.031321 0 1.53176e-06 0 2.1e-05 0 7.78281e-05 0 0.00026 0.0226839 2.09609e-07 0.263393 5.03906e-07
110 0 0.00311743 0 0.034487 0 1.48246e-06 0 2.4e-05 0 6.61194e-05 0 0.0002 0.0204917 1.93398e-07 0.163743 4.88281e-07
120 0 0.0031147 0 0.031811 0 1.21723e-06 0 2.5e-05 0 6.51119e-05 0 0.000237 0.0176795 1.93906e-07 0.218045 4.80469e-07
130 0 0.00309595 0 0.031887 0 1.22617e-06 0 1.4e-05 0 6.92063e-05 0 0.000231 0.0237137 1.96523e-07 0.216495 4.96094e-07
140 0 0.0031202 0 0.033686 0 1.24566e-06 0 2.3e-05 0 7.59906e-05 0 0.000312 0.0176921 2.12461e-07 0.215768 5.23438e-07
150 0 0.00305969 0 0.031242 0 1.12594e-06 0 1.2e-05 0 6.73981e-05 0 0.0002 0.0217914 1.97383e-07 0.185714 4.49219e-07
160 0 0.0031545 0 0.031541 0 1.22824e-06 0 1.6e-05 0 6.46175e-05 0 0.000184 0.0226576 1.9418e-07 0.127208 4.41406e-07
170 0 0.0031372 0 0.032302 0 1.44418e-06 0 1.9e-05 0 6.73794e-05 0 0.000189 0.0158636 1.95117e-07 0.164251 3.90625e-07
180 0 0.0030926 0 0.031606 0 1.7682e-06 0 3.1e-05 0 6.52044e-05 0 0.000208 0.0196688 1.92969e-07 0.190114 4.6875e-07
190 0 0.00305461 0 0.030522 0 1.02828e-06 0 1.1e-05 0 6.74394e-05 0 0.00026 0.0143292 1.94727e-07 0.146597 4.21875e-07
200 0 0.00314775 0 0.034472 0 1.6457e-06 0 3e-05 0 7.55937e-05 0 0.000298 0.0187634 2.09531e-07 0.319277 4.88281e-07
210 0 0.00317551 0 0.033044 0 1.15652e-06 0 1e-05 0 6.56425e-05 0 0.000201 0.0138216 1.93047e-07 0.148867 3.98437e-07
220 0 0.00315477 0 0.032308 0 1.23383e-06 0 1.5e-05 0 6.47856e-05 0 0.000179 0.0181887 1.91563e-07 0.218341 3.67187e-07
230 0 0.00318848 0 0.032026 0 1.10488e-06 0 1.6e-05 0 6.87075e-05 0 0.000198 0.0191275 1.94883e-07 0.136364 4.14063e-07
240 0 0.00307244 0 0.031329 0 1.38637e-06 0 2.1e-05 0 6.2845e-05 0 0.000181 0.021734 1.92109e-07 0.165138 4.41406e-07
250 0 0.00309376 0 0.031643 0 1.14184e-06 0 1.3e-05 0 7.10275e-05 0 0.000303 0.0172592 2.02969e-07 0.114551 6.25e-07
260 0 0.00311287 0 0.032189 0 1.95629e-06 0 3.8e-05 0 7.41844e-05 0 0.000297 0.0126257 2.03008e-07 0.157692 5.15625e-07
270 0 0.00307783 0 0.031257 0 1.37191e-06 0 2.1e-05 0 7.05862e-05 0 0.000206 0.0153229 1.98633e-07 0.176056 4.375e-07
280 0 0.00316493 0 0.034149 0 1.55609e-06 0 2.1e-05 0 6.86781e-05 0 0.000187 0.0239051 1.95859e-07 0.193878 4.14063e-07
290 0 0.00315452 0 0.031761 0 1.33859e-06 0 1.4e-05 0 7.19544e-05 0 0.000281 0.017099 2.01172e-07 0.166667 6.25e-07
300 0 0.0031315 0 0.032277 0 1.77512e-06 0 2.3e-05 0 7.62788e-05 0 0.000324 0.0140642 2.08437e-07 0.104235 5.23438e-07
310 0 0.0030989 0 0.031318 0 1.56297e-06 0 3.3e-05 0 7.04594e-05 0 0.000258 0.0138614 2.0375e-07 0.121065 5.42969e-07
320 0 0.00309904 0 0.033156 0 1.14523e-06 0 2.7e-05 0 7.36331e-05 0 0.000276 0.0160031 2.05977e-07 0.172308 5.3125e-07
330 0 0.00307997 0 0.030991 0 1.35469e-06 0 1.8e-05 0 6.78419e-05 0 0.000181 0.0211968 1.9832e-07 0.192547 4.29688e-07
340 0 0.00310201 0 0.034176 0 1.17824e-06 0 1.8e-05 0 6.40725e-05 0 0.000187 0.0188924 1.91328e-07 0.12749 4.41406e-07
350 0 0.0031409 0 0.032066 0 1.63836e-06 0 3.1e-05 0 6.38637e-05 0 0.000199 0.02128 1.93008e-07 0.127226 4.72656e-07
360 0 0.00311704 0 0.031455 0 1.31176e-06 0 2.8e-05 0 6.77706e-05 0 0.000197 0.0191349 1.91641e-07 0.0996016 3.98437e-07
370 0 0.00316124 0 0.032437 0 1.39195e-06 0 2.5e-05 0 6.58956e-05 0 0.000217 0.0177736 1.92148e-07 0.159136 4.72656e-07
380 0 0.00312578 0 0.03114 0 1.41164e-06 0 2.1e-05 0 6.76106e-05 0 0.000272 0.018085 1.95859e-07 0.134783 4.80469e-07
390 0 0.00312066 0 0.03166 0 1.42512e-06 0 1.5e-05 0 6.67344e-05 0 0.000233 0.0215362 1.94414e-07 0.131498 4.76562e-07
400 0 0.00326231 0 0.037997 0 1.28555e-06 0 1.8e-05 0 6.88306e-05 0 0.000258 0.0168663 1.96523e-07 0.124555 6.25e-07
410 0 0.00314297 0 0.031419 0 1.52941e-06 0 1.9e-05 0 6.77694e-05 0 0.00027 0.0162098 1.91875e-07 0.216867 4.21875e-07
420 0 0.00309514 0 0.031365 0 9.96563e-07 0 1.3e-05 0 6.89563e-05 0 0.000257 0.0216545 2.00117e-07 0.192192 6.875e-07
430 0 0.0030878 0 0.031194 0 1.29348e-06 0 1.4e-05 0 7.41037e-05 0 0.000294 0.0199177 2.0582e-07 0.122016 5.11719e-07
