30 0 0.00313095 0 0.031563 0 1.26031e-06 0 1.8e-05 0 2.43881e-05 0 6.6e-05 0.0231847 1.96563e-07 0.264706 4.17969e-07
40 0 0.00321272 0 0.035881 0 1.80258e-06 0 2.3e-05 0 3.32775e-05 0 0.000109 0.0185101 2.08945e-07 0.232143 4.76562e-07
50 0 0.00315031 0 0.031887 0 1.88629e-06 0 3e-05 0 4.17387e-05 0 0.000149 0.0220951 2.14688e-07 0.178571 5.23438e-07
60 0 0.0031489 0 0.031563 0 1.75945e-06 0 2.8e-05 0 4.90531e-05 0 0.000148 0.0176532 2.21133e-07 0.230159 8.125e-07
70 0 0.00311536 0 0.03205 0 1.11613e-06 0 1.7e-05 0 5.10525e-05 0 0.000165 0.0197691 2.07891e-07 0.16 9.375e-07
80 0 0.00312662 0 0.032176 0 1.91531e-06 0 3.1e-05 0 5.73019e-05 0 0.000172 0.0229206 2.04883e-07 0.40625 4.92187e-07
90 0 0.00316965 0 0.0346 0 1.72648e-06 0 5.8e-05 0 6.711e-05 0 0.00022 0.0157868 2.07344e-07 0.151394 6.25e-07
100 0 0.00308766 0 0.031423 0 1.79898e-06 0 3e-05 0 7.20981e-05 0 0.000226 0.0224083 2.04336e-07 0.278146 4.92187e-07
110 0 0.00311757 0 0.032238 0 2.0493e-06 0 4.3e-05 0 8.47981e-05 0 0.000301 0.0182 2.11523e-07 0.105882 6.25e-07
120 0 0.00312948 0 0.032517 0 1.33969e-06 0 1.8e-05 0 8.63306e-05 0 0.000276 0.0157182 2.00898e-07 0.131098 4.88281e-07
130 0 0.00313212 0 0.03564 0 1.47008e-06 0 1.4e-05 0 0.000102068 0 0.000342 0.0205047 2.1332e-07 0.198347 4.72656e-07
140 0 0.00312832 0 0.031808 0 9.82227e-07 0 5.6875e-06 0 9.17856e-05 0 0.000263 0.0202144 1.91992e-07 0.156894 4.10156e-07
150 0 0.00316327 0 0.032186 0 1.04336e-06 0 7.125e-06 0 0.000104351 0 0.000313 0.0234198 1.98281e-07 0.380488 4.72656e-07
160 0 0.00307269 0 0.031983 0 1.08152e-06 0 1.6e-05 0 0.000106054 0 0.000317 0.0178372 1.94688e-07 0.244332 4.53125e-07
170 0 0.00314065 0 0.031729 0 1.9368e-06 0 3.7e-05 0 0.00011302 0 0.000331 0.0207987 1.93711e-07 0.23494 4.53125e-07
180 0 0.00309573 0 0.032334 0 1.22492e-06 0 1.7e-05 0 0.00013548 0 0.000479 0.0194226 2.06914e-07 0.306502 5.27344e-07
190 0 0.00309485 0 0.031297 0 1.44621e-06 0 2.5e-05 0 0.00013032 0 0.000574 0.0172856 1.94727e-07 0.234727 3.98437e-07
200 0 0.00309854 0 0.03109 0 1.38336e-06 0 3.8e-05 0 0.00013564 0 0.000379 0.0180428 1.92656e-07 0.154684 4.25781e-07
210 0 0.00315329 0 0.032256 0 1.35715e-06 0 1.4e-05 0 0.000146429 0 0.000545 0.0147299 1.9625e-07 0.117729 5e-07
220 0 0.00305535 0 0.030651 0 1.19656e-06 0 1.2e-05 0 0.00015978 0 0.000503 0.0245166 2.00977e-07 0.250444 4.72656e-07
230 0 0.00312366 0 0.034297 0 1.49406e-06 0 5e-05 0 0.00015601 0 0.000474 0.0214227 1.96094e-07 0.205624 3.90625e-07
240 0 0.00312441 0 0.032201 0 1.04457e-06 0 1e-05 0 0.00016334 0 0.000591 0.0162568 2.01406e-07 0.257475 8.125e-07
250 0 0.00314002 0 0.031925 0 1.3484e-06 0 2.4e-05 0 0.00016806 0 0.000518 0.0176278 1.95664e-07 0.192405 4.6875e-07
260 0 0.0030966 0 0.031562 0 1.30332e-06 0 1.6e-05 0 0.00018791 0 0.000597 0.015638 1.99414e-07 0.206681 5.03906e-07
270 0 0.00308572 0 0.03094 0 1.27789e-06 0 1.7e-05 0 0.00017779 0 0.000485 0.0179267 1.93672e-07 0.226644 4.45313e-07
280 0 0.0031203 0 0.03177 0 9.07031e-07 0 1.3e-05 0 0.00019112 0 0.000523 0.0181946 1.95898e-07 0.150602 4.21875e-07
290 0 0.00318196 0 0.033527 0 1.2043e-06 0 1.5e-05 0 0.00021371 0 0.000981 0.0245616 2.07227e-07 0.227794 6.25e-07
300 0 0.00312783 0 0.034263 0 1.29406e-06 0 1.6e-05 0 0.00020492 0 0.000582 0.0182727 1.98047e-07 0.153713 4.45313e-07
310 0 0.00310785 0 0.031889 0 1.14734e-06 0 2.7e-05 0 0.00020038 0 0.000628 0.0163288 1.97031e-07 0.151125 4.76562e-07
320 0 0.00307332 0 0.030863 0 1.3891e-06 0 1.5e-05 0 0.00022294 0 0.000637 0.0173519 1.975e-07 0.290034 4.84375e-07
330 0 0.00311107 0 0.032096 0 1.66273e-06 0 3.3e-05 0 0.00022749 0 0.000608 0.0251591 1.94648e-07 0.223313 4.25781e-07
340 0 0.00312146 0 0.031798 0 1.34863e-06 0 2.3e-05 0 0.00023297 0 0.000678 0.0187845 1.95078e-07 0.1261 4.14063e-07
350 0 0.00314217 0 0.035022 0 1.60172e-06 0 1.8e-05 0 0.00024164 0 0.000932 0.0159113 1.96055e-07 0.105263 5.15625e-07
360 0 0.00315304 0 0.032348 0 1.57613e-06 0 2e-05 0 0.0002528 0 0.000835 0.0156069 2.04492e-07 0.122324 6.875e-07
370 0 0.00308772 0 0.03079 0 9.97109e-07 0 1.1e-05 0 0.00025592 0 0.000785 0.020869 1.95586e-07 0.15873 4.64844e-07
380 0 0.00307251 0 0.031373 0 1.3982e-06 0 1.7e-05 0 0.00025234 0 0.000707 0.0116645 1.91523e-07 0.120826 3.75e-07
390 0 0.00312307 0 0.033599 0 1.45617e-06 0 2e-05 0 0.00026022 0 0.000879 0.0121869 1.95e-07 0.0941935 5.11719e-07
400 0 0.0031578 0 0.032442 0 1.13797e-06 0 1.4e-05 0 0.00027516 0 0.000828 0.0163936 1.98633e-07 0.191364 6.25e-07
410 0 0.00310149 0 0.032071 0 1.26637e-06 0 1.6e-05 0 0.00026923 0 0.000833 0.0215809 1.92617e-07 0.263944 4.17969e-07
420 0 0.00312931 0 0.032166 0 1.10707e-06 0 1.4e-05 0 0.00028247 0 0.000845 0.0182272 1.9707e-07 0.236275 4.80469e-07
430 0 0.00309833 0 0.031233 0 2.74574e-06 0 8.4e-05 0 0.00029401 0 0.001238 0.0176659 2.00273e-07 0.236655 8.125e-07
