0.0558125 0 0.00309519 0 0.030977 0 2.00527e-06 0 3.9e-05 0 7.21956e-05 0 0.000241 0.0205483 2.05547e-07 0.228856 8.125e-07
0.103813 0 0.00310263 0 0.031386 0 1.43027e-06 0 2.9e-05 0 6.32556e-05 0 0.000166 0.0149799 1.94336e-07 0.153226 4.92187e-07
0.151813 0 0.00306879 0 0.03118 0 1.95316e-06 0 3e-05 0 6.70812e-05 0 0.000245 0.016951 1.97578e-07 0.180617 4.92187e-07
0.199813 0 0.00309553 0 0.031521 0 1.33641e-06 0 1.4e-05 0 8.00725e-05 0 0.00029 0.0246615 2.10547e-07 0.25 6.25e-07
0.247812 0 0.00324032 0 0.039289 0 1.17023e-06 0 2e-05 0 7.29244e-05 0 0.000217 0.0135816 2.06016e-07 0.122581 4.84375e-07
0.295812 0 0.00311721 0 0.032279 0 1.08941e-06 0 1.6e-05 0 6.58906e-05 0 0.000191 0.0215611 1.91016e-07 0.240642 3.86719e-07
0.343812 0 0.00315888 0 0.031931 0 1.40707e-06 0 2e-05 0 6.54662e-05 0 0.000203 0.0169225 1.93477e-07 0.178744 4.29688e-07
0.391812 0 0.00311903 0 0.031966 0 1.33758e-06 0 1.7e-05 0 6.67694e-05 0 0.000192 0.0204482 1.93242e-07 0.235 4.6875e-07
0.439812 0 0.00308469 0 0.03099 0 1.12836e-06 0 1.8e-05 0 6.55106e-05 0 0.000221 0.0245853 1.91289e-07 0.323741 3.71094e-07
0.487812 0 0.00310782 0 0.031205 0 1.30324e-06 0 1.6e-05 0 6.54463e-05 0 0.000186 0.0171046 1.92383e-07 0.154286 4.45313e-07
0.535812 0 0.00312027 0 0.030705 0 1.15176e-06 0 1e-05 0 6.93144e-05 0 0.000259 0.0139258 1.99688e-07 0.154709 5.03906e-07
0.583812 0 0.00310234 0 0.032669 0 3.11891e-06 0 7.4e-05 0 7.46506e-05 0 0.000309 0.0224091 2.06953e-07 0.308772 6.25e-07
0.631812 0 0.00313141 0 0.031545 0 1.15148e-06 0 1.6e-05 0 7.95112e-05 0 0.000276 0.0204372 2.1875e-07 0.211921 1e-06
0.679813 0 0.00309499 0 0.031871 0 2.25539e-06 0 7.4e-05 0 7.30519e-05 0 0.000244 0.0193433 2.05547e-07 0.300971 5.35156e-07
0.727813 0 0.00310663 0 0.032113 0 1.19219e-06 0 2.7e-05 0 6.85981e-05 0 0.0002 0.0175358 1.95195e-07 0.142405 4.17969e-07
0.775813 0 0.00312074 0 0.031797 0 1.25906e-06 0 2.2e-05 0 6.81438e-05 0 0.000189 0.0163057 1.94414e-07 0.133333 4.21875e-07
0.823813 0 0.00315778 0 0.035168 0 1.3909e-06 0 1.3e-05 0 6.84106e-05 0 0.000235 0.0194175 1.96055e-07 0.120275 5.27344e-07
0.871813 0 0.00309561 0 0.031544 0 1.50309e-06 0 2.2e-05 0 6.83187e-05 0 0.000201 0.0227964 1.97031e-07 0.36 4.92187e-07
0.919813 0 0.00312958 0 0.031544 0 1.64324e-06 0 2.1e-05 0 6.6425e-05 0 0.000191 0.0167754 1.94766e-07 0.127321 4.53125e-07
0.967813 0 0.00308029 0 0.03172 0 1.8127e-06 0 8.8e-05 0 6.50287e-05 0 0.000195 0.0256577 1.92344e-07 0.299595 4.21875e-07
1.01581 0 0.00308658 0 0.031492 0 1.20191e-06 0 2.7e-05 0 7.06662e-05 0 0.000226 0.0147518 1.99609e-07 0.222222 4.96094e-07
1.06381 0 0.00311698 0 0.03145 0 1.54035e-06 0 2e-05 0 7.00312e-05 0 0.000227 0.0171276 1.98984e-07 0.141221 4.76562e-07
1.11181 0 0.00315057 0 0.035674 0 1.82453e-06 0 2.9e-05 0 6.75656e-05 0 0.000226 0.0239012 1.95391e-07 0.165414 4.41406e-07
1.15981 0 0.00309249 0 0.030908 0 1.3827e-06 0 2.1e-05 0 7.42556e-05 0 0.000259 0.02241 2.06758e-07 0.263682 4.92187e-07
1.20781 0 0.00314761 0 0.034131 0 1.24539e-06 0 1.5e-05 0 7.4785e-05 0 0.000233 0.0141722 2.03047e-07 0.131222 4.92187e-07
1.25581 0 0.00308898 0 0.0314 0 1.23215e-06 0 2.4e-05 0 6.89831e-05 0 0.00021 0.0188668 1.98789e-07 0.219251 4.64844e-07
1.30381 0 0.00310384 0 0.031467 0 1.07293e-06 0 1.4e-05 0 6.85769e-05 0 0.000226 0.0213757 1.93633e-07 0.233202 4.92187e-07
1.35181 0 0.00311899 0 0.031965 0 2.08012e-06 0 4.5e-05 0 6.61819e-05 0 0.000221 0.0187671 1.92734e-07 0.156794 4.92187e-07
1.39981 0 0.00310291 0 0.033623 0 1.22992e-06 0 1.6e-05 0 6.96794e-05 0 0.00024 0.017399 1.96289e-07 0.162544 5.19531e-07
1.44781 0 0.00305847 0 0.030515 0 1.30172e-06 0 1.9e-05 0 6.959e-05 0 0.000192 0.0223896 2.0043e-07 0.159794 5.15625e-07
1.49581 0 0.00313181 0 0.032684 0 1.18488e-06 0 1.9e-05 0 7.01581e-05 0 0.000214 0.0200187 1.97695e-07 0.142857 4.96094e-07
1.54381 0 0.00308426 0 0.031719 0 1.28844e-06 0 1.6e-05 0 6.74981e-05 0 0.000205 0.0167466 1.91836e-07 0.155709 3.75e-07
1.59181 0 0.00308655 0 0.031575 0 1.7673e-06 0 2.3e-05 0 6.75031e-05 0 0.000226 0.0169291 1.94141e-07 0.138973 4.76562e-07
1.63981 0 0.00315065 0 0.033009 0 1.74969e-06 0 3.8e-05 0 6.78369e-05 0 0.000195 0.0170659 1.95703e-07 0.173633 4.375e-07
1.68781 0 0.00306173 0 0.030669 0 1.35008e-06 0 2.7e-05 0 6.80281e-05 0 0.000221 0.0230175 1.97227e-07 0.34058 4.57031e-07
1.73581 0 0.00322329 0 0.031999 0 1.2966e-06 0 2.2e-05 0 6.80894e-05 0 0.000259 0.0218425 1.96172e-07 0.232975 5.19531e-07
1.78381 0 0.00313554 0 0.033982 0 1.22418e-06 0 1.8e-05 0 6.55069e-05 0 0.00021 0.0137875 1.9207e-07 0.126904 4.25781e-07
1.83181 0 0.003108 0 0.031776 0 1.16082e-06 0 1.4e-05 0 6.54681e-05 0 0.000207 0.0168256 1.93398e-07 0.136054 4.92187e-07
1.87981 0 0.00308705 0 0.031043 0 1.55324e-06 0 1.8e-05 0 7.23156e-05 0 0.000273 0.0162556 2.01914e-07 0.239362 5.15625e-07
1.92781 0 0.00307546 0 0.032066 0 1.06723e-06 0 2e-05 0 6.74175e-05 0 0.000186 0.0174957 1.9668e-07 0.205323 4.45313e-07
1.97581 0 0.00309582 0 0.032045 0 1.23793e-06 0 1.7e-05 0 6.42263e-05 0 0.000188 0.0185055 1.91406e-07 0.223464 3.82812e-07
