PS bf_miss bf_time bf_max_miss bf_max_time bb_miss bb_time bb_max_miss bb_max_time he_miss he_time he_max_miss he_max_time dyn_miss dyn_time dyn_max_miss dyn_max_time fptas0.1_miss fptas0.1_time fptas0.1_max_miss fptas0.1_max_time fptas0.2_miss fptas0.2_time fptas0.2_max_miss fptas0.2_max_time fptas0.3_miss fptas0.3_time fptas0.3_max_miss fptas0.3_max_time fptas0.4_miss fptas0.4_time fptas0.4_max_miss fptas0.4_max_time fptas0.5_miss fptas0.5_time fptas0.5_max_miss fptas0.5_max_time miss time max_miss max_time miss time max_miss max_time miss time max_miss max_time miss time max_miss max_time miss time max_miss max_time miss time max_miss max_time miss time max_miss max_time miss time max_miss max_time 
4 0 1.16719e-07 0 2.1875e-07   0.57913 1.06484e-07 0.909247 2.30469e-07   0.0719414 4.46094e-08 0.683673 7.03125e-08   0 1.24913e-05 0 3e-05   0 2.54875e-06 0 5.1875e-06   0.000326087 1.49375e-06 0.0163043 3.125e-06   0.00161256 1.1275e-06 0.0433071 2.4375e-06   0.00591879 9.50859e-07 0.073913 1.875e-06   0.00990918 8.57188e-07 0.0995671 1.8125e-06   0.0103066 7.84063e-07 0.0995671 1.625e-06   0.0162037 7.15625e-07 0.148148 1.4375e-06   0.0181984 6.7875e-07 0.200893 1.4375e-06   0.0187085 6.5625e-07 0.148148 1.375e-06   0.0292104 6.19844e-07 0.200893 1.3125e-06   
10 0 4.66875e-06 0 1.2e-05   0.870952 4.9943e-06 0.941065 1.2e-05   0.0308642 1.15781e-07 0.157534 1.67969e-07   0 7.806e-05 0 0.000162   3.31703e-05 3.472e-05 0.00083682 6.4e-05   0.000319378 1.787e-05 0.0108108 3.4e-05   0.000530249 1.296e-05 0.0108108 2.4e-05   0.000530249 9.7875e-06 0.0108108 1.8e-05   0.000805479 8.48875e-06 0.0137615 1.7e-05   0.00103098 7.4175e-06 0.0137615 1.5e-05   0.00135356 6.545e-06 0.016129 1.3e-05   0.00190203 5.8775e-06 0.0152856 1.1e-05   0.00269978 5.285e-06 0.0237581 1.1e-05   0.00273016 5.0475e-06 0.0220518 1e-05   
15 0 0.00013542 0 0.000228   0.863135 0.000202204 0.916449 0.00036   0.00967334 1.73281e-07 0.0854271 2.53906e-07   0 0.0001776 0 0.000378   2.53165e-05 0.00010274 0.000724113 0.000204   0.000177826 5.192e-05 0.00183374 9.7e-05   0.000280092 3.72862e-05 0.00287494 7.2e-05   0.0003799 2.871e-05 0.00287494 5.4e-05   0.000443125 2.41387e-05 0.00491703 4.8e-05   0.000877115 2.06725e-05 0.00538721 4.1e-05   0.000998514 1.85213e-05 0.00565291 3.6e-05   0.00117538 1.70363e-05 0.00884354 3.2e-05   0.00176336 1.54312e-05 0.0129359 3e-05   0.00248913 1.36888e-05 0.0233139 2.7e-05   
20 0 0.00380576 0 0.005607   0.865235 0.00539363 0.914498 0.006837   0.0139123 3.29688e-07 0.0843373 4.88281e-07   0 0.0003016 0 0.00048   0 0.00023836 0 0.000318   0 0.00010882 0 0.000167   2.56959e-05 7.474e-05 0.0012848 0.00011   2.56959e-05 5.68e-05 0.0012848 9.3e-05   0.00021656 4.6725e-05 0.00342612 5.6e-05   0.000301101 4.00125e-05 0.00342612 4.7e-05   0.000263294 3.55825e-05 0.00342612 5.1e-05   0.000433827 3.19975e-05 0.00410397 4.9e-05   0.000819715 2.91325e-05 0.0127679 4.5e-05   0.00100522 2.635e-05 0.0127679 3.7e-05   
22 0 0.0150863 0 0.016384   0.872275 0.020318 0.915237 0.027039   0.0156641 3.49687e-07 0.0875248 3.67187e-07   0 0.0003824 0 0.000454   0 0.00032894 0 0.000384   7.80945e-06 0.00015734 0.000390472 0.000184   0 0.00010152 0 0.000138   7.80945e-06 7.864e-05 0.000390472 9.6e-05   8.82619e-05 6.394e-05 0.00241663 7.5e-05   0.000191077 5.402e-05 0.00384246 6.4e-05   0.000322981 4.794e-05 0.00384246 5.6e-05   0.000427152 4.2355e-05 0.00384246 5e-05   0.000557268 3.87888e-05 0.00445633 4.5e-05   0.000840455 3.57588e-05 0.013369 4.4e-05   
25 0 0.119529 0 0.127916   0.872181 0.16755 0.910106 0.191082   0.0132997 4.00156e-07 0.0542435 4.53125e-07   0 0.0005081 0 0.000611   7.38007e-06 0.000481 0.000369004 0.000606   2.08197e-05 0.00023486 0.000369004 0.00035   3.37573e-05 0.00015214 0.000992063 0.000232   5.88981e-05 0.000113 0.000992063 0.000173   9.64074e-05 9.252e-05 0.00187547 0.000149   0.000221235 7.8e-05 0.00342679 0.000129   0.000255267 6.816e-05 0.00292719 0.000116   0.000388166 6.082e-05 0.00309957 0.000103   0.000373213 5.464e-05 0.00342679 9.2e-05   0.00035127 5.01e-05 0.00342679 8.6e-05   
27 0 -42 0 0   0 -42 0 0   0.010739 4.28125e-07 0.106017 5.03906e-07   0 0.00055852 0 0.000931   7.89578e-06 0.00059746 0.000394789 0.000962   7.89578e-06 0.00029412 0.000394789 0.000584   1.92016e-05 0.00019122 0.000565291 0.000385   3.8213e-05 0.00013714 0.00095057 0.000192   0.000120571 0.00011054 0.00142602 0.00015   0.000137046 9.298e-05 0.00142602 0.000123   0.000185997 8.102e-05 0.00185185 0.000108   0.000303799 7.16e-05 0.00244073 8.8e-05   0.00031305 6.468e-05 0.00450763 8e-05   0.000476184 5.90075e-05 0.00450763 7.2e-05   
30 0 -42 0 0   0 -42 0 0   0.0106938 4.78984e-07 0.0551378 6.875e-07   0 0.00070558 0 0.000961   0 0.00084298 0 0.001643   5.51876e-06 0.00041574 0.000275938 0.000753   1.70694e-05 0.00027258 0.000577534 0.000546   5.49219e-05 0.00019918 0.00124766 0.000261   8.64787e-05 0.0001582 0.00124766 0.000207   0.000234179 0.00013308 0.00168634 0.000174   0.000290787 0.00011524 0.00269815 0.00016   0.000286755 0.00010048 0.00190528 0.00013   0.000430323 8.906e-05 0.00222827 0.00011   0.000455834 8.114e-05 0.00275061 9.7e-05   
32 0 -42 0 0   0 -42 0 0   0.0075559 5.2875e-07 0.036118 6.79688e-07   0 0.00078306 0 0.001198   0 0.00098632 0 0.001445   1.56061e-05 0.00050404 0.000519346 0.000997   2.05689e-05 0.00032782 0.000519346 0.000634   6.37329e-05 0.00023928 0.000867303 0.000376   5.28218e-05 0.00019166 0.000867303 0.000272   0.000107479 0.0001568 0.0013048 0.000228   0.000129483 0.00013526 0.0013048 0.000184   0.000188262 0.00011804 0.00158019 0.000173   0.000195391 0.0001061 0.00196574 0.000167   0.000259507 9.428e-05 0.00196574 0.000124   
35 0 -42 0 0   0 -42 0 0   0.0104143 7.725e-07 0.0460922 1.125e-06   0 0.00096768 0 0.001626   0 0.00130894 0 0.001932   0 0.00065582 0 0.000951   0 0.0004369 0 0.000647   0 0.00032704 0 0.000457   5.65144e-05 0.0002631 0.000875912 0.000399   9.30987e-05 0.00021772 0.0010923 0.000345   0.000106083 0.00018502 0.00116857 0.000321   0.00012974 0.00016274 0.00127259 0.000307   0.000170663 0.00014688 0.00139373 0.000257   0.000196722 0.0001317 0.00139373 0.000254   
37 0 -42 0 0   0 -42 0 0   0.00767777 9.6875e-07 0.0819672 1.375e-06   0 0.00105514 0 0.001583   0 0.0015319 0 0.002174   5.67698e-06 0.00076026 0.000283849 0.001135   1.57653e-05 0.00051298 0.000504414 0.00076   3.702e-05 0.00038816 0.000831255 0.000723   4.15954e-05 0.0003097 0.000804074 0.000574   5.86059e-05 0.0002527 0.000831255 0.000305   5.78708e-05 0.00021682 0.000831255 0.000284   7.68287e-05 0.00019172 0.0011773 0.000296   5.53928e-05 0.00017032 0.0011773 0.000273   0.000166593 0.00015072 0.00141924 0.000223   
40 0 -42 0 0   0 -42 0 0   0.00655541 1.01e-06 0.0257249 1.25e-06   0 0.0012456 0 0.002409   0 0.00194946 0 0.003726   9.08716e-06 0.00098778 0.000236351 0.001652   2.37205e-05 0.0006685 0.000514933 0.001202   4.31922e-05 0.00048666 0.000552944 0.000858   4.69179e-05 0.0003871 0.000643777 0.000664   8.00174e-05 0.00032598 0.000711744 0.000571   5.14719e-05 0.00027846 0.000643777 0.000488   8.67036e-05 0.00024338 0.000851064 0.000424   0.000109334 0.00021628 0.00111632 0.000351   0.000169273 0.00019226 0.00131521 0.000292 
